0.000000000000000000e+00
-2.073999999999999488e+01
-2.357999999999999829e+01
-2.332999999999999829e+01
-2.469999999999999574e+01
-2.409999999999999787e+01
-2.529999999999999716e+01
-2.319999999999999574e+01
-2.242000000000000171e+01
-2.051999999999999957e+01
-2.215999999999999659e+01
-2.157999999999999829e+01
-1.716000000000000014e+01
-2.369999999999999574e+01
-2.183999999999999986e+01
-2.225999999999999801e+01
-2.569999999999999929e+01
-2.297999999999999687e+01
-2.478999999999999915e+01
-1.623000000000000398e+01
-2.204999999999999716e+01
-4.210000000000002984e+01
-2.509999999999999787e+01
-3.019999999999998863e+01
-2.329999999999999716e+01
-2.150000000000000355e+01
-2.147999999999999687e+01
-1.695999999999999730e+01
-2.101999999999999957e+01
-2.007999999999999829e+01
-2.166000000000000369e+01
-2.447999999999999687e+01
-1.552999999999999403e+01
-4.499000000000037147e+01
-2.057999999999999829e+01
-2.265999999999999659e+01
-2.032999999999999829e+01
-3.635999999999997812e+01
-2.117999999999999972e+01
-1.943999999999999773e+01
-1.939000000000000057e+01
-1.732999999999999829e+01
-2.411000000000000298e+01
-1.920999999999999730e+01
-1.716999999999999815e+01
-2.459999999999999787e+01
-1.798000000000000043e+01
-2.264000000000000057e+01
-1.989999999999999858e+01
-2.196000000000000085e+01
-2.260000000000000142e+01
-1.860999999999999943e+01
-2.820999999999999375e+01
-2.549000000000000199e+01
-2.237999999999999901e+01
-2.114999999999999858e+01
-2.591999999999999815e+01
-2.469999999999999929e+01
-1.586000000000001009e+01
-2.701000000000011880e+01
-1.910000000000000142e+01
-2.009000000000000341e+01
-2.343999999999999773e+01
-1.917999999999999972e+01
-1.892999999999999972e+01
-1.394999999999999751e+01
-1.827999999999999403e+01
-3.932000000000029161e+01
-2.050000000000000000e+01
-2.229999999999999716e+01
-1.814999999999999858e+01
-1.830000000000000426e+01
-1.820000000000000284e+01
-2.350000000000000000e+01
-2.365000000000000213e+01
-2.333999999999999986e+01
-2.239999999999999858e+01
-1.711999999999999744e+01
-2.219999999999999574e+01
-2.241000000000000014e+01
