0.000000000000000000e+00
1.912845346547312602e+03
2.306238142186597088e+03
1.981248928928066107e+03
2.302124100065039784e+03
1.537634898189986416e+03
2.232646424316499179e+03
2.246495358069320901e+03
2.256578072148795400e+03
2.297361250990427379e+03
2.303772062641919547e+03
2.239111432220407551e+03
2.227464737565173436e+03
2.278271032476332039e+03
2.218215298420920590e+03
2.133692016043188232e+03
2.262789114241858897e+03
2.306443569707691495e+03
2.273370477136200407e+03
2.315509149404440905e+03
2.308956393003747053e+03
2.315556801528105552e+03
2.175857540824395983e+03
2.306703920582908722e+03
2.212476822733587142e+03
2.301574399757237188e+03
2.201313998779469784e+03
2.167465067459831062e+03
2.269756726526341936e+03
2.214387705673667824e+03
2.126875103665554889e+03
2.284531870280669409e+03
2.208746800836306193e+03
2.250900829582370534e+03
2.229092994652697143e+03
2.167553202575178148e+03
2.181806601054084240e+03
2.284779788293591082e+03
2.292147914909843621e+03
2.274652427033788172e+03
2.264093607654577227e+03
2.290304640813729293e+03
2.327899128220655257e+03
2.122720325792199219e+03
2.290873860478426195e+03
2.285916469800504728e+03
2.312788229773610965e+03
2.186267042152776412e+03
2.316531150922208326e+03
2.226421372892206819e+03
2.084481369919658846e+03
2.356130720967144953e+03
2.236493443582288364e+03
2.225327430360767266e+03
2.115230105791027654e+03
2.173126966490297491e+03
2.258097782853320950e+03
2.309910094238973670e+03
2.305729716361021929e+03
2.115905202019066110e+03
2.253197502095512391e+03
2.318592278816561702e+03
2.205347574619182524e+03
2.325958872619439262e+03
2.172811129865059229e+03
2.295052137152249088e+03
2.210107326113944964e+03
2.161347828303244569e+03
2.343885830974122200e+03
2.301942190315274274e+03
2.281435803507069522e+03
2.154875919442382383e+03
2.307234467232160114e+03
2.338091617255682650e+03
2.164326743675704165e+03
2.258279884710233546e+03
2.288613683106359076e+03
2.219155423047603563e+03
2.314572342146507708e+03
2.284555797559435632e+03
2.192594035316174086e+03
2.175828394283620582e+03
2.263162603353528993e+03
2.318845441414261586e+03
2.130137237311741956e+03
2.339642732929504746e+03
2.193931069545669743e+03
2.301455058053650191e+03
2.303517946183743334e+03
2.212941938682609361e+03
2.301876813727901663e+03
2.303067954814050609e+03
2.260051578434754447e+03
2.311523444867307262e+03
2.310008578687523823e+03
2.296002344326779166e+03
2.329647460350191523e+03
2.333671483702911246e+03
2.316577584272314652e+03
2.269481006750700999e+03
2.317359533455234669e+03
