0.000000000000000000e+00
1.961340258352664478e+03
2.321711074261951580e+03
2.337259007218220177e+03
2.357002302065929143e+03
1.844682674863469401e+03
2.343727105383941307e+03
-1.387461415679496895e+03
-1.370760762764949732e+03
-1.361027505082892276e+03
-1.457845672523511439e+03
-1.519424425723519107e+03
-1.641393167700222875e+03
-1.761758260851628165e+03
-1.659775492378734498e+03
-1.047698009585459886e+03
-4.705155245050505073e+02
-4.579950769476337769e+02
-4.937762807034371804e+02
-5.520433000803493542e+02
-8.295724428218328512e+02
-1.101648757133858453e+03
-1.548582659822682899e+03
-8.003137121310335260e+02
-9.254465986714739074e+02
1.898794543902587861e+02
1.826573326395448021e+03
2.287784837836836687e+03
8.261061573769368351e+02
2.016481958490180659e+03
1.932446225305625376e+03
2.338728383235038564e+03
2.304917799110446140e+03
2.145276976305169228e+03
2.304160670559296705e+03
-2.727047214358143492e+02
-5.018742747812352150e+02
-5.599256773816932764e+02
2.003506269996652236e+03
-8.538105190232369068e+02
-2.291881698641994944e+02
2.064288990767475298e+03
-7.944526389558983226e+01
-1.700290360200389728e+02
2.154849008995636268e+03
1.742271584944506230e+03
1.072030874719900737e+02
2.135971866490979210e+03
2.311236672247247952e+03
2.248912461279031049e+03
2.275603657997432492e+03
1.970623545571665545e+03
2.276791457411005467e+03
2.264862218162925728e+03
2.279309916854042967e+03
2.336564768326581543e+03
2.268661482847017851e+03
2.193282172921505662e+03
2.281090726636476575e+03
2.264713785257737072e+03
2.205008627538503788e+03
2.240809822714782513e+03
2.316385994242580182e+03
2.314442838651409147e+03
2.299014720057392879e+03
2.126740935373662069e+03
2.340696061799420022e+03
2.222379207933674934e+03
2.309484527790679749e+03
2.299243234749926160e+03
2.177718587789791400e+03
2.315198904340910758e+03
2.278406864829923506e+03
2.286608814179115143e+03
2.340623821152928940e+03
2.325685332786137678e+03
2.333434741002618466e+03
2.316930240662087726e+03
2.309095209148039430e+03
2.318277331388401308e+03
2.329550663345649355e+03
2.319183668928017141e+03
2.312481618661600805e+03
2.293061467080899092e+03
2.297757238856971071e+03
2.300357608874710422e+03
2.308498890869830575e+03
2.152502318393788300e+03
2.147838176211885184e+03
1.132769691585386454e+03
2.282868518238705747e+03
2.330072121202614198e+03
2.281110405975647609e+03
2.340879052581826727e+03
2.320227304511351576e+03
2.172652192589418974e+03
2.281735979270029020e+03
2.174989465938376725e+03
2.284270292594330385e+03
2.084089526162687434e+03
2.293696772390500882e+03
2.243487073758572933e+03
2.295717986380800539e+03
2.138854865985134893e+03
2.299301359462017899e+03
2.264014010040107678e+03
2.166950027780965229e+03
2.241034246900977905e+03
2.312221055266790700e+03
2.203042356930599453e+03
2.288238108351414667e+03
2.159202221204951002e+03
2.324269359128230008e+03
2.310996373260577457e+03
2.304538465935101613e+03
2.289613188746038304e+03
2.236524210126273829e+03
2.322431565262729691e+03
2.299949522323277051e+03
2.206464929529034634e+03
2.317613492897331071e+03
1.993510453693875661e+03
2.286156245638416294e+03
2.060921716966759504e+03
2.324226131365715446e+03
2.006911528840187430e+03
2.175967136565986948e+03
2.096117119302200990e+03
2.309287657842045974e+03
2.303797315187855020e+03
2.264548109557508269e+03
2.281913917594180930e+03
2.122748380312217705e+03
2.286909954947957885e+03
2.206419567522635589e+03
2.276785992733690364e+03
2.243806719760078522e+03
2.301524361540914470e+03
2.241951509246419846e+03
2.045645092311510552e+03
2.209532679780350463e+03
2.306033298633835329e+03
2.317184499104184852e+03
2.273571761915177376e+03
2.327922334069522549e+03
2.314836147842834180e+03
1.966277575764439916e+03
2.324228617320696230e+03
2.316173482929136753e+03
2.293090034393128008e+03
2.331269661589901716e+03
2.246154726007078807e+03
2.299140039660700950e+03
2.238298453536873694e+03
2.184368604080714249e+03
2.308009513320645965e+03
2.309377007098036756e+03
2.280190840212309013e+03
2.304932619766616881e+03
2.299541493168097986e+03
2.120263554990016928e+03
2.315520908440944368e+03
2.080817082522065448e+03
2.116525358725776641e+03
2.177108257324980059e+03
2.297079524593146743e+03
2.186910519855733128e+03
2.266551779414311113e+03
2.275790780575858662e+03
2.306183257512651835e+03
2.313716036006658214e+03
2.260878845343420380e+03
2.306666480655886517e+03
2.208054532528347409e+03
2.236755747554363552e+03
2.122931350648458192e+03
2.171694097061199045e+03
2.097292070004129982e+03
2.257781985466362585e+03
2.317746298861905871e+03
2.217032090359015456e+03
2.349456198582648540e+03
2.279405317625511088e+03
2.313238243779731874e+03
2.117263189444025556e+03
2.259798506212152915e+03
2.193568440282497249e+03
2.293435090670454429e+03
2.014931544660974851e+03
2.267307524074396952e+03
2.160608413917170765e+03
2.272049259517268183e+03
2.350871480226242056e+03
2.268862782522699035e+03
2.282485476714250126e+03
2.290583054121987516e+03
2.238529750184005934e+03
2.271236413270069534e+03
2.325931580109759125e+03
2.277016315110717642e+03
2.250860724705891244e+03
2.293701189449770482e+03
2.146560116176666270e+03
2.317881573644559467e+03
2.332632639704292160e+03
2.192870123271104603e+03
2.274746567408193187e+03
2.263643451946685673e+03
2.314693880925615758e+03
2.133513955987669306e+03
2.262201272575633539e+03
2.308519861608073370e+03
