0.000000000000000000e+00
2.266457154189253288e+03
-7.421377260149625954e+02
1.971325698842606471e+03
1.944465225065808909e+03
2.103635921318120381e+03
1.982368456792185953e+03
2.288033916603179023e+03
2.240226452589313340e+03
2.275944434715838725e+03
1.803613894983453065e+03
2.318418121540295942e+03
2.067542062557628014e+03
-7.745611342891464801e+01
2.333234716374393429e+03
2.328757143186197936e+03
2.278745657398196727e+03
2.302320597867998003e+03
2.225371200493490051e+03
1.968438406615523036e+03
2.337537196008410319e+03
1.943117610342177613e+03
2.188357473668223975e+03
2.043195407024834367e+03
2.108307118861122490e+03
2.038116855091726165e+03
2.222848669423451156e+03
2.300809166047719373e+03
2.243042915692434235e+03
2.091366347906783176e+03
2.009760080693712098e+03
2.149630808361179334e+03
2.196321479858758266e+03
2.317413687551103067e+03
2.073619091552850477e+03
-1.994625399867881299e+02
2.212191925744547007e+03
2.457800915222017466e+03
2.225255391948516262e+03
2.134573720088787468e+03
2.034709777255081917e+03
2.150776087444784480e+03
2.048081347976916732e+03
2.035277442602371138e+03
1.527622505773927514e+03
2.308221374077683777e+03
2.271652118163565319e+03
-8.032773531711421811e+02
2.321452977538001505e+03
