0.000000000000000000e+00
-6.838439355239923998e+02
9.462693658256731624e+02
-2.094473072415582919e+03
-2.030910977563158440e+03
-1.450691510791516976e+03
-1.857398977883985708e+03
-1.284998282804672272e+03
-1.187562723432759867e+03
-1.004835031943682111e+03
-1.101303727000525669e+03
-1.274223209367598429e+03
-1.139167617195737876e+03
-1.156828764436344727e+03
-8.751802345980649989e+02
-5.507287981998940722e+02
-6.090172098358517587e+02
-5.011630638620187597e+02
-3.409109286771400775e+02
2.052048087401990415e+02
2.115027069922382452e+03
1.911833125355299671e+03
5.861908315192872578e+02
2.135501528632876216e+03
-4.778080820575517578e+02
-8.049485162484254488e+02
-2.900512893407549768e+02
-5.302102346776777040e+02
-8.462038914880450875e+02
-6.240438863915309184e+02
2.066692939258460228e+03
-9.146041596866696182e+02
-8.416573374764562914e+02
1.809049574125117942e+03
1.974382327680112667e+03
-4.824818019041572370e+02
-6.248784483820282958e+02
-8.467552056846056985e+02
1.900726071489889364e+03
4.431855644874626705e+02
2.236209497581111009e+03
-6.642041615577361426e+02
-6.102789522859631006e+02
2.222240132784483649e+03
2.211218825052042121e+03
2.135928127220550778e+03
1.979282283811746538e+03
2.347549633868045021e+03
2.227759349620480407e+03
1.091429128947110030e+03
1.978719279662328518e+03
1.838444150672508385e+03
4.020560441959318609e+02
2.166587094841943326e+03
2.313179134147963850e+03
3.793380813911512632e+02
1.050143368938592403e+03
1.339306341901616406e+03
4.837444699909673318e+02
-2.604516677344872164e+02
2.346087239589263390e+03
8.283210115958099777e+02
2.324228202674757995e+03
5.531960754004219325e+02
2.236975284458494571e+03
6.538267361410470357e+02
2.317337958110666932e+03
2.324397119508244486e+03
9.919568470555708473e+02
2.323283749118166270e+03
2.019005207797986486e+03
4.850151205118718281e+02
2.007771827150005720e+03
-2.173707352854733301e+02
2.299514259460508583e+03
6.236981510200309913e+02
2.349351909575739683e+03
6.338700925365676540e+02
8.017603718665801580e+02
2.344923266252458234e+03
-5.068054651304798597e+01
-1.715468966687435284e+02
2.325003731773768322e+03
5.286602528436678767e+02
1.318795754587823467e+03
1.970279896347493832e+03
2.344760629289745339e+03
5.643203699224386583e+02
2.342990735444645907e+03
2.072045999273519101e+03
2.333802105138157003e+03
2.348638793054963116e+03
2.329268847696141165e+03
2.332666152523085202e+03
1.773616989045316927e+02
2.269337649924787456e+03
-7.184008169734494231e+01
2.060201323666098233e+03
2.146880664771797456e+03
2.007712495191701919e+03
2.341459033976354476e+03
2.345420308130082503e+03
2.338550254335599675e+03
8.108624321190832234e+02
2.321274514307784102e+03
2.219845163792478616e+03
2.117299626770595751e+03
6.966353718863309723e+02
2.318897785630974795e+03
1.102709530533918951e+03
3.784221792987875688e+02
2.151109308743329166e+03
1.334814611974629770e+03
2.172705408247576088e+03
2.166148227992538523e+03
2.317091870814534104e+03
2.112903530294951452e+03
2.300718887247895509e+03
1.998918730301861160e+03
2.057786073785540793e+03
2.268273454974075776e+03
6.782702558696771575e+02
2.274651717510028448e+03
2.342691352123656998e+03
1.991614860402902195e+03
2.276879809241008843e+03
2.345210526504178688e+03
1.224124349978503233e+03
2.060410185894345886e+03
2.310761391253335660e+03
2.152834961381677203e+03
2.315087343953612617e+03
2.042056045326457706e+03
2.329710255134888484e+03
2.122407117506892064e+03
2.015412773950327392e+03
2.332831392049353781e+03
2.228385352323974075e+03
1.380918373212757160e+03
2.114270420521945198e+03
2.151765272750029908e+03
2.034975336303851691e+03
2.056396192018647525e+03
2.065548108983352904e+03
2.335186323081321461e+03
2.074147017232885901e+03
1.437545674580111381e+03
2.143514484928470665e+03
6.802854629162264928e+02
2.310444071877618626e+03
2.289254954329542670e+03
2.301953518287598854e+03
-5.454220316552257586e+00
2.123716722311851299e+03
2.217003087222900831e+03
2.172993463282578887e+03
2.327027411933200710e+03
2.222698697989018456e+03
2.098504544576346689e+03
2.167763844195323145e+03
2.073320914586252911e+03
2.318828673995586541e+03
2.153115588638717782e+03
2.191196633487561485e+03
2.260984265570498337e+03
2.237469761193794511e+03
2.206937931423288319e+03
2.311257249944096657e+03
2.225305075683022551e+03
2.331079722883442628e+03
1.186451126188817170e+03
2.101512740794194997e+03
2.027364522775867044e+03
2.256689486335684251e+03
2.211566027278283400e+03
2.112443334508890530e+03
2.185633669977577483e+03
2.162128307463939109e+03
2.225996776542524458e+03
8.186058874841455690e+02
2.313849424626077962e+03
2.113889048585978799e+03
2.152749549498457782e+03
2.219235614524576704e+03
2.271520761301655511e+03
1.237689215302150842e+03
2.129606070612393978e+03
2.164323960746941793e+03
2.003361824020354106e+03
7.309681970404069489e+02
2.103495408389936529e+03
2.203862538144931023e+03
2.294094123188629055e+03
2.174976420873609641e+03
2.214508483943191095e+03
2.301918628346467813e+03
2.143877622611827974e+03
2.006728637683756006e+03
2.237398169110211711e+03
2.329876370166423385e+03
2.018383361952685618e+03
2.280829860721526074e+03
2.064853539559736419e+03
2.332361848803885550e+03
2.126456902168494707e+03
2.078933262177428787e+03
2.124177037258329619e+03
1.326247910120859615e+03
2.311703577275928183e+03
2.278679443020712370e+03
2.106458110990837667e+03
2.299986432858021544e+03
1.159313101418583528e+03
2.301216960571418440e+03
6.681936197111228921e+02
2.264006594474887606e+03
2.022357739908556596e+03
1.270663676159039596e+03
2.281189161308232542e+03
2.313485036781168219e+03
2.332122677743766872e+03
8.455725176277354649e+02
4.266997544086524385e+02
2.136910115400702580e+03
2.310400473155900727e+03
2.004471437251768748e+03
1.443517306168848791e+03
2.080194921783363043e+03
2.099688797585620705e+03
2.214210643078410612e+03
7.099497672157025363e+02
1.994052031284374380e+03
2.210378811575673808e+03
8.506505399107518315e+02
2.282778954176522802e+03
2.033877261837208607e+03
1.023444622704829612e+03
2.155183543245841520e+03
2.099726118036570824e+03
2.240863727892432053e+03
2.227897259495895014e+03
2.116093854642309452e+03
9.056009937582412022e+02
2.265353463709757307e+03
1.961532645637232463e+03
2.131793528141947263e+03
7.822935208566943857e+02
1.949915995898278425e+03
2.129779909523513197e+03
2.077536670190957011e+03
2.138830929851730161e+03
2.008415622715493100e+03
2.228212575868162276e+03
2.178976683368875456e+03
9.416163253537093851e+02
2.216662230543242913e+03
2.102648818970874800e+03
2.034308103789679990e+03
2.317103940767872245e+03
2.253897618628910095e+03
2.215601059833371437e+03
2.235354239188248812e+03
1.419652945649962930e+03
2.059599716682748294e+03
9.077652536590259160e+02
2.184149917616353832e+03
2.297290158111173241e+03
2.316956785609156213e+03
1.272581498328085701e+02
2.276527550342204904e+03
2.062660281728934933e+03
2.030757157447605550e+03
2.149477077416326210e+03
2.038288240845549353e+03
2.112788589412135934e+03
2.151553123279853935e+03
2.073754968250340426e+03
2.310152977027230008e+03
2.166237798918515637e+03
-1.244394793993176620e+02
2.066632725209747605e+03
2.058060277066099843e+03
2.351500088343162247e+02
5.732603168930505717e+02
2.178064690664534737e+03
2.235615097279863221e+03
2.112491985643309818e+03
2.105479548961677210e+03
5.727350544156887509e+02
2.212844797654571266e+03
2.194545713697712472e+03
1.954191128851495250e+03
2.119130925378558459e+03
5.545082985831417091e+02
2.056430108419777753e+03
1.640904855546641841e+02
2.158711037252462120e+03
2.047554554937097919e+03
2.293016067501739144e+03
2.128088980288870516e+03
2.010753612111058601e+03
2.317001382555307828e+03
2.139660307735756305e+03
2.265791159517763390e+03
9.402792366056261244e+02
2.082694545398765058e+03
2.166406031897421144e+03
2.037067409356918006e+03
1.431971196938200137e+03
2.334988277611995727e+03
2.088914404346000083e+03
2.003063989947319897e+03
2.054067252532126531e+03
2.286474868515279468e+03
6.757642562137112918e+02
1.008424576975567902e+03
2.091451129384554861e+03
1.962955908950300682e+03
2.326805044740549420e+03
2.162191364124862048e+03
2.123958995770690308e+03
2.217159183876064162e+03
2.108667158314290646e+03
1.972157734860024448e+03
9.832219367008307245e+02
2.125522435079239131e+03
2.315413750138729029e+03
2.209760228684942376e+03
2.127920491896199565e+03
3.966339932389031446e+02
2.227256889071770274e+03
2.067096747019641043e+03
2.033516044644610702e+03
2.081850113210472500e+03
2.317980357737078521e+03
1.985481984888267561e+03
2.221923309884092305e+03
1.105050297736748462e+03
1.427039720012484167e+03
2.057300024671020765e+03
2.109495679856556762e+03
2.045280041846616768e+03
2.086729385641088811e+03
2.336371498612882533e+03
1.882815510854284639e+03
1.037663224788786010e+03
2.270900497042781808e+03
2.100104969631933272e+03
2.312635580707406916e+03
2.205664028198332289e+03
2.099440419486654719e+03
1.965213042852149101e+03
1.996044369341469746e+03
2.297212810167312909e+03
2.189051140728483915e+03
2.018797875716138606e+03
2.213812040405318839e+03
2.267982968507251826e+03
2.331384430139792130e+03
2.012660906555669726e+03
2.306525817894105785e+03
2.168735479350418245e+03
2.088007391804316285e+03
2.046562774868149518e+03
2.022902431816754870e+03
1.748087204039241556e+02
2.125231737001038255e+03
8.867367136476782434e+02
2.324859710103536145e+03
2.308032437144537198e+03
2.182500096202164968e+03
2.345772271281039139e+03
2.174732555769074679e+03
2.301423763992753265e+03
2.052155259892690083e+03
1.997014309462427718e+03
2.294410156647514668e+03
2.293601662945200587e+03
2.329758643218247926e+03
2.342440509627333995e+03
2.039297060700801921e+03
2.112137110950737679e+03
5.782032776177253481e+02
2.030786623846325256e+03
2.176661790950113755e+03
2.278825038861360099e+03
2.301127284147087721e+03
1.978220116630632901e+03
2.264807924773645482e+03
2.107290714636784287e+03
2.001523267709712854e+03
7.394853000246230295e+02
2.079289724261057017e+03
2.078636190238451491e+03
2.220858294413903877e+03
2.068673912874111920e+03
2.141104738712190567e+02
2.134926221148396962e+03
2.150624270201223226e+03
2.333457813687615271e+03
2.196176163126493520e+03
2.184601095536661887e+03
2.295347697529669404e+03
2.308357991122694330e+03
1.132463678005338352e+03
1.996729464005408317e+03
2.125573722045876366e+03
2.179989038182087825e+03
2.331619844262702372e+03
1.896242607951144464e+03
2.333893700291675032e+03
2.122304383966383739e+03
2.331131387247156908e+03
2.160308586574570654e+03
2.142379981991077329e+03
1.981817766040603601e+03
2.189654449877886236e+03
2.238976702874427247e+03
2.060249529267311118e+03
2.040394409655830486e+03
1.228175561355026275e+03
2.171247038466115100e+03
-5.703109264024050873e+01
2.283980082203121128e+03
2.159555945500029338e+03
1.059600129797574255e+03
1.991074860151443318e+03
3.504131335055541854e+02
2.028871079143307043e+03
2.033227801733320121e+03
2.081455248855544596e+03
2.135611873510603800e+03
2.296735525205477188e+03
2.122107104885549688e+03
2.037106791059859688e+03
8.187784094393284704e+02
2.059985477766533222e+03
2.069314304706347230e+03
2.115814972678277627e+03
2.058045297720926101e+03
2.136258461575161164e+03
2.125796858270860866e+03
2.159818374462948668e+03
2.063009863990211215e+03
2.167939131753072161e+03
2.274866261337278502e+03
2.295794866062867641e+03
2.241103751195666518e+03
1.157378246082771966e+03
2.075523063305699907e+03
2.152505590280497017e+03
2.137393615216975832e+03
2.321637972479427390e+03
2.038130209159338847e+03
2.158856129665270601e+03
2.275943998048578578e+03
2.177257017473105861e+03
2.144785943755035987e+03
2.022742736304532627e+03
2.175249024588543762e+03
2.111057301171504605e+03
2.115796604584942088e+03
1.991384814192169870e+03
2.105864813697706268e+03
2.140319202622807097e+03
6.072397527079127713e+02
1.565686336461874362e+01
2.090930910369084813e+03
1.075269686850854896e+03
2.105532064882418126e+03
2.242987405978718925e+03
2.207140845594893108e+03
2.195453024855018157e+03
2.130923240672122574e+03
2.145638503528996807e+03
2.125963174291778159e+03
2.019619515162184143e+03
1.987093125197158770e+03
2.167024035958272634e+03
2.239682281945717477e+03
2.335664411429202119e+03
2.127644985800613540e+03
2.080329739489017811e+03
2.212447229506908570e+03
-1.477154632248526127e+02
2.095056801852873832e+03
1.952375917750831832e+03
2.035123333725393877e+03
2.208388986019101139e+03
2.217841565979448205e+03
2.082503540775374859e+03
3.144179115508656537e+02
2.243530232674324452e+03
2.338023798080549568e+03
2.308278717613671688e+03
2.299465377657445515e+03
2.174248127122145888e+03
2.307448251426943898e+03
2.067749230706779599e+03
6.427348078345511340e+02
1.206661719127853758e+03
2.177418083283135729e+03
2.175273753237118399e+03
2.319978525427791283e+03
1.092283226983145425e+02
2.098127023924609603e+03
2.130327796687932278e+03
1.153207348400665296e+03
7.370470129392234639e+02
2.335212609119563695e+03
1.158294625377585362e+03
2.262613335372680012e+03
2.058433861213059572e+03
2.265857958220222827e+03
2.211382865231335927e+03
2.275460071977432108e+03
2.017128309100151455e+03
2.259811120166365981e+03
2.324598437193002155e+03
2.329265659429496282e+03
2.061836746654558738e+03
2.127217306098363679e+03
6.046585383727908720e+02
1.051333136197319163e+03
9.867176673311387276e+02
2.121799853952847116e+03
2.224393214488105514e+03
2.325231164875208833e+03
2.116566711585697703e+03
2.131339612466756080e+03
2.119910432930637853e+03
1.129501932516026727e+03
1.224306318231586147e+03
2.275040102439992552e+03
2.076782362973802265e+03
2.075969652484018752e+03
2.082628745303270080e+03
2.095603780185359938e+03
6.031983058519834913e+02
2.271757269544021710e+03
2.044674502104263865e+03
2.303059475538100742e+03
2.092779676562269742e+03
2.114155235129340326e+03
1.951450652489197182e+03
2.228671109056482237e+03
2.317307443377553682e+03
5.446991744065196599e+02
2.308188218774784673e+03
2.087840100347740645e+03
1.974029188983419544e+03
2.081730136589920676e+03
2.327920884158467743e+03
2.229416787314479279e+03
2.157079772216346555e+03
2.209001875470408777e+03
2.052675638765266285e+03
9.709598593585578783e+02
1.002787651807173688e+03
5.464356381883104632e+02
2.141454034239425255e+03
2.102515822122351437e+03
1.317815634413514772e+03
2.013416619451346378e+03
2.006231592081456256e+03
2.133004412611212501e+03
1.338548716477094786e+03
2.323179641166535021e+03
2.070215770942674226e+03
1.891112296541714159e+03
2.301965253721126373e+03
2.029204267706055134e+03
7.401942390767291045e+02
2.142645728779041747e+03
8.795069429325811825e+02
1.973565020493375414e+03
2.145446305585304799e+03
2.113368997763841435e+03
2.166438743761215846e+03
2.325926058855858173e+03
2.112955296471643123e+03
1.974083526260604231e+03
1.242566643862746787e+03
2.618771176176192057e+02
1.998591790388833260e+03
1.249620730089581002e+03
1.319398543260690985e+03
2.149831634504796057e+03
2.090423807413909344e+03
2.221847870293552205e+03
2.302142006439155921e+03
2.139868092949542188e+03
2.275937752755111887e+03
2.076290987445903738e+03
2.081301103907865127e+03
9.204246012368711263e+02
2.323962655386901588e+03
6.556592072793482657e+02
2.269881710986623602e+03
2.164018288200310508e+03
2.318715287013509624e+03
2.137703042779638963e+03
2.117621668793576646e+03
2.053784319569238050e+03
2.014923221561514310e+03
1.989408326151303527e+03
2.053099928821918638e+03
1.950016963536910680e+03
-1.274456753888977190e+01
2.045408993579246726e+03
2.117648858898203343e+03
1.160170220249728573e+03
2.140635416180165521e+03
6.481406443971692397e+02
9.770111682223827074e+02
2.135474999915110857e+03
2.116801743460667240e+03
2.252772481565171802e+03
2.190726690775415136e+03
2.066913811462027297e+03
6.574531878264208444e+02
2.086022410792664687e+03
2.059089979895670240e+03
1.997016017808762172e+03
2.259282488143919636e+03
2.091969235211145133e+03
2.039320608591983955e+03
2.151121823191787371e+03
2.221108844673123713e+03
2.282073228557198490e+03
2.319084706328027096e+03
1.203517630872070413e+03
2.331434457444087911e+03
1.004827354621191148e+03
2.297550205147507768e+03
2.110515353727881120e+03
2.067289737976421748e+03
2.328589498874223864e+03
2.236632207625416868e+03
2.195254059358248469e+03
2.150572286391467060e+03
2.103892870017182759e+03
1.976934715073375173e+03
1.268789435003652954e+02
2.153133311086197864e+03
6.377762586694341280e+02
1.997513655745847245e+03
2.109277012743233968e+02
2.236576360934837794e+03
2.295224529153402727e+03
2.312082366232251388e+03
1.425716560936677979e+03
2.311825733952357496e+03
2.027260064177343793e+03
1.333864403191157407e+03
2.153936906514981274e+03
7.289845073416145169e+02
2.049275849276763893e+03
2.300721519303696823e+03
2.279859149919484025e+03
2.200268771467653551e+03
2.033042130546218687e+03
2.186719839086269531e+03
2.235078199309812135e+03
1.487310338405261291e+03
2.320399615690059363e+03
5.296554809988410852e+02
2.290624832611336842e+03
2.178245008175133989e+03
2.148402056014372192e+03
1.990100972476637253e+03
2.164655493208064399e+03
1.989325994278519829e+03
2.074349567202868911e+03
2.286823889224756840e+03
1.981071047049774506e+03
2.299346760317838289e+03
2.089614441736385743e+03
2.158720485601028486e+03
4.402937956307795275e+02
2.141342911753123644e+03
2.304563822405308656e+03
2.309007124427127565e+03
2.104096223049539731e+03
8.588886184271016191e+02
2.039605393124606053e+03
2.033633207267625039e+03
2.063655490259510771e+03
2.260770523931375465e+03
2.146214886720936647e+03
2.147157306884504578e+03
2.347392174942177917e+03
2.052423053228533718e+03
1.975478823587392071e+03
2.167338549780543872e+03
2.005934747705729023e+03
2.280678708143133463e+03
2.126734187298543475e+03
2.049488873959877310e+03
2.125372562126784032e+03
2.315609418625338549e+03
1.991792879240123511e+03
1.056621437644467051e+03
2.158372086190344362e+03
2.158205011212508907e+03
2.091212536548111075e+03
2.112391348831755295e+03
2.252857557490704949e+03
2.186822457886635220e+03
2.086863073642802192e+03
2.043834530091801071e+03
2.140995681889555271e+03
2.172709043528487655e+03
2.093840658511806396e+03
2.085245195999742464e+03
1.076698768371306869e+03
2.019458534317614522e+03
2.070252372064082010e+03
9.751415611157698322e+02
6.079685474294670939e+02
2.316514972408253925e+03
1.391685756979049984e+03
2.182645846007874752e+03
2.188766394665548432e+03
9.612334288958988964e+02
2.144172777360980945e+03
2.104199955788276384e+03
2.322626132403947850e+03
2.036268539630143778e+03
4.599379307887072628e+02
2.508389156888160869e+02
2.101505863704113835e+03
2.106656694908447207e+03
1.857508312483173086e+03
6.187526374175504316e+02
2.301793329071516837e+03
2.944869174150870776e+02
2.279411196710118475e+03
8.724121252885902322e+02
1.036501548342784190e+03
2.197599565580104354e+03
3.673588953501289325e+02
1.953134770983748012e+03
2.158195974238222334e+03
2.287047629669780690e+03
2.153201834939733544e+03
2.187776070170875300e+03
2.206698129681543833e+03
2.315429101383545458e+03
2.263960842702967511e+03
2.072128303521696125e+03
2.192732025720112688e+03
2.041180215740140511e+03
2.088899668206212482e+03
2.079810151987009249e+03
2.138040767182767013e+03
2.108753800127193244e+03
2.055196452047242019e+03
4.209652621194222775e+02
2.063827976894682251e+03
2.364701537799575362e+03
2.081219986922450516e+03
2.052371036847824143e+03
1.156425187270281640e+03
2.101296138284140397e+03
2.088519088759917395e+03
2.090570787420314900e+03
2.128285238997552369e+03
8.863090662121927608e+02
1.014472114612466044e+03
9.669076645523241496e+02
2.018817401317566919e+03
2.295853471630700369e+03
2.245961423570156057e+03
2.191444590426427112e+03
2.176540423779069442e+03
2.043718246621328944e+03
2.167993798320028873e+03
2.010094905369961907e+03
2.188674890056695403e+03
2.301710027215404807e+03
2.195334352133563698e+03
2.955018191553836004e+02
2.027720443600812814e+03
7.156402033254633466e+01
2.100261450869224518e+03
1.879194980970986308e+03
2.045841665285680392e+03
2.245944838354977946e+03
2.370957454061488079e+03
8.431611735114036037e+02
1.432072002351961828e+02
1.950573828804755522e+03
2.125684446813954310e+03
8.302683823496325886e+02
2.128778505308727745e+03
2.046129331479602797e+03
2.042841825188851089e+03
6.056107721153235843e+02
2.307561565116722704e+03
2.014872445540778017e+03
