0.000000000000000000e+00
2.172569197252859794e+03
1.164070563044104119e+03
2.118509579974305780e+03
-1.943437982846744944e+03
-1.890715140315906183e+03
-1.656219655470707494e+03
-1.654496884138055975e+03
-1.909148181091659353e+03
-1.246543818172805231e+03
-1.111066007212818022e+03
-1.827210063349730717e+03
-5.637565156997807208e+02
-6.222220871490529817e+02
2.268839098690460560e+03
-2.927061701239022682e+02
4.012177966957335684e+01
2.343180170577631088e+03
4.066205366642233798e+02
-3.465425792871586452e+01
-7.712420390324072059e+02
2.249162491883036637e+03
2.083316292909837557e+03
-9.824792145913201011e+02
2.208216319928847042e+03
-6.723319666193011699e+02
2.236816383554990807e+03
-1.050671244009221482e+03
2.080791509906766805e+03
-6.467388204584884761e+02
2.297543725812819503e+03
-1.060714448149664349e+03
2.179994959208074761e+03
-6.039329499021442871e+02
-5.221607296374912721e+02
-5.930854037019750535e+01
-8.871135975918811027e+02
-6.239737293984798043e+02
-6.394044017966301681e+02
-6.837931505877143081e+02
1.957964036375819887e+03
-1.865653564097793151e+03
-4.354042323713496785e+02
-6.180956026187465113e+02
-6.124448764208309512e+02
-4.145797410133861831e+02
-1.506463024619550197e+03
-1.848433864881293118e+02
-8.589091659632202891e+02
-3.376012010756874560e+01
-8.502119913067896277e+02
-2.944999834516494843e+02
-1.564657395826260426e+03
-4.782590930863086669e+02
-4.239445555777048185e+02
-8.599315219018313883e+02
-1.445292499719185741e+02
-6.492482568441084823e+02
-7.795990750959859383e+01
-6.893366478695550086e+02
-2.396210591761646640e+02
-6.870522709592671617e+02
-3.607619831041010912e+02
-5.697993338698757952e+02
2.005646948773510587e+02
-6.623221926718916848e+02
-3.784305634688820419e+02
-4.149844967100426629e+02
2.225550656466795942e+02
-1.409420552096421034e+03
-3.646898264321855549e+02
-5.341131356089628071e+02
6.038571542979251490e+02
-3.602669453256094130e+02
-4.002189241648541724e+02
-1.537331467373677697e+03
-8.820390421589306698e+02
-5.529733591204017102e+02
-5.588068466891636490e+02
3.707137309400266076e+02
-1.630559853713642269e+03
-4.838527476963094500e+02
-3.677016037286596770e+02
-1.000323597015455022e+02
-7.196949359891477798e+02
-1.518489740464080569e+03
-3.949692308113087620e+02
2.913326041775058002e+02
-7.907459761330966330e+01
-8.214915076679646972e+02
-6.341193123046508617e+02
-5.104999641861715531e+02
-4.445499038662377416e+02
-2.401198617644154467e+02
-5.694944196542911641e+02
-1.257288451092351352e+03
-4.516533001561254537e+02
-6.648055156746943339e+02
6.006467911599249874e+02
1.952542201585765042e+03
2.229622823111367325e+03
2.127167978376938208e+03
2.316960131650736002e+03
2.283166106606176982e+03
2.365077209358750679e+03
2.216381245259462958e+03
-2.419758487337810777e+02
2.274987981120067616e+03
2.296764165406852953e+03
2.315822230701656736e+03
2.119553654219173495e+03
2.276342869153061201e+03
2.285962734006380742e+03
2.198697207830602110e+03
2.218288132380290790e+03
2.338020316002811342e+03
2.336890794625905528e+03
2.312626216959421072e+03
2.220813785347562316e+03
2.369265815115611076e+03
2.316269073556579770e+03
2.179700955259272632e+03
2.085232585432743690e+03
2.314713162249956895e+03
2.302022926796155843e+03
2.344667710606802757e+03
2.247906795231983324e+03
2.310239149508779519e+03
2.238740926583885539e+03
2.268698730359714318e+03
2.319857508437223260e+03
2.320883565948771320e+03
2.261691541354287892e+03
2.210661009278237543e+03
2.250208582463931634e+03
2.322411423297780402e+03
2.197501850432621723e+03
2.262351627852340243e+03
2.302600693532752302e+03
2.292794245363134451e+03
2.287167354617021374e+03
2.079226952382183299e+03
2.000543303252183932e+03
2.241853641888860693e+03
2.174525685196042559e+03
2.219597650105308730e+03
2.305767593610911717e+03
2.264662551795152012e+03
2.293889610673164498e+03
2.260335769544327377e+03
2.210086230152425742e+03
2.321724577168810811e+03
2.256333199387318018e+03
2.217969894397178905e+03
2.286114394802580591e+03
2.272036799272006192e+03
2.302611471018772136e+03
2.090451794108602826e+03
2.313963263435383396e+03
2.273523266112997590e+03
2.270129290708409371e+03
2.209157034555522841e+03
2.298536065887750738e+03
2.311911237155479284e+03
2.263009906270810006e+03
2.225872782310814273e+03
2.278558758419795140e+03
2.187208566895060812e+03
2.248672268259575503e+03
2.241882512020854847e+03
2.272270719361184547e+03
2.230675687570717855e+03
2.336069098597568882e+03
2.334646670307221029e+03
2.175848960139562678e+03
2.309342069705643098e+03
2.252958401878803670e+03
2.291033275408115514e+03
2.239733275095152294e+03
2.194902197859482840e+03
2.264365126014943144e+03
2.165542489210078202e+03
2.241821375671850092e+03
2.110085794721485399e+03
2.290186610697644028e+03
2.299416028807763723e+03
2.308035910675545892e+03
2.271111919256567944e+03
2.221895326769514213e+03
2.289005314501580870e+03
2.309745971002750593e+03
2.298758795259019280e+03
2.139999405927346743e+03
2.290206586738017904e+03
2.116693768369676036e+03
2.269894425017525464e+03
2.277034900631782875e+03
2.216483922529153915e+03
2.107488067635786138e+03
2.281015651584831630e+03
2.301584295398213271e+03
2.286777085233273738e+03
2.184263471386741003e+03
2.268561110076728255e+03
2.300342071535185823e+03
-1.659297693393301074e+02
2.209557564712152271e+03
2.303221261647209303e+03
2.285829751917352951e+03
2.291158991005579082e+03
2.291422942672366389e+03
2.178815832777156174e+03
2.230975232015280653e+03
2.324340255954750774e+03
2.259130415771937351e+03
2.249781402279520535e+03
2.274852073377264787e+03
2.260213062309780980e+03
2.040387341479044153e+03
2.231034036558433399e+03
2.293076109721815101e+03
2.326121017408276657e+03
2.297699769043561901e+03
2.268697800878417183e+03
2.348876054509200912e+03
2.259639149774001908e+03
2.204148252571225839e+03
2.338233032828675277e+03
2.244994487898751686e+03
2.271588518296674465e+03
2.268441719586752697e+03
2.313258215250558351e+03
2.155053272173378900e+03
2.275868318357756834e+03
-4.943208197591519024e+02
2.326839279842955875e+03
2.298076973323607035e+03
2.195835182955124765e+03
2.146995973315720221e+03
2.321721138074763076e+03
2.240912262494914557e+03
2.322090463758056103e+03
2.221325287583622412e+03
2.313375070725892328e+03
-2.690394303200469039e+02
2.184611319459795141e+03
2.174983091541516842e+03
2.221606165806122590e+03
2.293678449597905455e+03
2.332295034253575068e+03
2.221984764593170894e+03
2.295756838527719992e+03
2.149241775444566883e+03
2.184011278397636943e+03
2.312077379801115967e+03
2.296173176683458223e+03
2.286092684773536348e+03
2.282206345003181468e+03
2.263120322227063753e+03
2.350227448036057012e+03
2.187740066405230664e+03
2.308391664842319187e+03
2.127169673322469862e+03
2.273366263320539474e+03
2.297114116022960843e+03
2.291443652804528028e+03
2.323954710103276739e+03
2.297260020796384197e+03
2.274101677641202059e+03
2.171425648541585815e+03
2.187888644873137764e+03
2.254286075390987662e+03
2.010669407180262169e+03
2.327246433339284522e+03
2.203521102010560753e+03
1.880825245019368595e+03
2.166187574254411629e+03
2.314147077765537233e+03
2.241400047308693047e+03
2.074265145915594076e+03
2.368372447006206130e+03
2.163158297852572105e+03
2.158206735420031691e+03
2.306015779169984853e+03
2.299203245478703593e+03
2.284095082617635853e+03
1.870046155574438671e+03
2.267970647185984944e+03
2.320019345945338500e+03
2.175382759218228784e+03
2.310539922735810251e+03
1.730815746039215128e+03
2.337481448233224910e+03
2.297008276745013518e+03
2.301938842383072370e+03
2.302068659245514937e+03
2.294217145841290858e+03
2.261040390498487795e+03
2.317035520277881005e+03
2.370166173333227107e+03
2.307745039880345757e+03
2.341404011043751325e+03
2.295676644196038978e+03
2.318760339015857426e+03
2.214822711633152721e+03
2.097154597383797409e+03
2.346590160072874824e+03
2.322994564053719387e+03
2.302605452149471148e+03
2.227529973965286445e+03
2.121418049531905126e+03
-4.997716631876594988e+02
2.296627050638014680e+03
2.285371358921581304e+03
2.307941961960946173e+03
2.302392992316623349e+03
2.314346195223686209e+03
2.286072033552425182e+03
2.293549133869767502e+03
2.226173503040657579e+03
2.258321052376965781e+03
2.312970615983147582e+03
2.148254841621282139e+03
2.338250128967545152e+03
2.298510925310853509e+03
2.311089884147672365e+03
2.041196610405114598e+03
2.279943398935497498e+03
1.387016842189629642e+03
2.312423681386084809e+03
2.276351733970913301e+03
2.321490743165721597e+03
2.315473845754448121e+03
2.284963596076261638e+03
2.106298687242538563e+03
2.235003433713280174e+03
2.216862331266730962e+03
2.193323109717767693e+03
1.980383210528070776e+03
2.323135200414434166e+03
2.281754670237731716e+03
2.223096957821475371e+03
2.291211472066581337e+03
2.259282126511619936e+03
2.300143592124753013e+03
2.286279849196927444e+03
2.292502088319854010e+03
2.293326403383786783e+03
2.192995001758277795e+03
2.249637539322410703e+03
2.306087032848674426e+03
2.226158831060060038e+03
2.175902006325449747e+03
2.314232829347810366e+03
2.310986359789328617e+03
2.238840687732154493e+03
2.296132909271867447e+03
2.234952432799300823e+03
2.262054365262278225e+03
2.306413578709106787e+03
2.292211138315893550e+03
2.291809880435590912e+03
-2.584134095309967734e+02
2.282323734478942242e+03
2.152555262864067117e+03
2.226222452558487930e+03
2.008534874293600296e+03
2.216594516558721352e+03
2.217825153151769882e+03
2.257752731379879151e+03
2.310415089000798616e+03
2.281601890662036567e+03
2.167331260454194307e+03
1.815181950171073822e+03
2.302371821204341813e+03
2.176032815475330608e+03
2.205901546975649126e+03
2.337114644985435007e+03
2.153619338237111151e+03
1.993832331558645365e+03
2.547243871652569851e+03
2.421586088627872869e+03
2.193985194709963253e+03
2.333635586233929644e+03
1.954302507762418372e+03
2.295642972144392388e+03
1.999823571810258272e+03
2.293206147557415989e+03
2.262705212189823669e+03
2.318778086301608255e+03
2.075093964447210055e+03
2.303161820766943038e+03
2.287502963368825476e+03
1.970342423419402621e+03
2.282521174824174977e+03
2.265455982167444745e+03
2.286612316799023120e+03
2.307125224054243063e+03
2.297477123247046165e+03
1.175233614778610672e+03
2.246947040700706566e+03
2.292587565005316264e+03
2.305831363349995627e+03
2.348833147211769301e+03
2.292287122656603060e+03
2.087394449271872418e+03
2.283811946252363668e+03
2.252435009626219198e+03
2.317652329617163559e+03
2.169265776784454374e+03
1.123072473902692309e+03
2.114074767247428554e+03
2.302422337600165974e+03
2.318731333412209096e+03
2.284683284236140935e+03
2.278422986189009862e+03
2.180803292994481581e+03
-2.313649911664029446e+02
2.287220429904012690e+03
2.282887555363859065e+03
2.322597436107407702e+03
2.295418962587151782e+03
2.309440537503984160e+03
2.247417463171728286e+03
2.304552777861744744e+03
2.326588054279729477e+03
2.148813216314527381e+03
2.382007122632533537e+03
2.284242317974406433e+03
2.303238983248821569e+03
2.253847951447425658e+03
2.242954508640600579e+03
2.027265409346239039e+03
2.244191105829073422e+03
2.223882755810828257e+03
9.448398126712819476e+02
9.367659931749765292e+02
2.269895308991769525e+03
2.252030239512420849e+03
2.308601491426372377e+03
2.312050423255755049e+03
2.274737479171388259e+03
2.318962482861785702e+03
2.312800316476494118e+03
2.092530348801533819e+03
2.293477114307389456e+03
2.269302267299099640e+03
2.318395070806262083e+03
1.974931919973333152e+03
2.263984721923148754e+03
2.254299791079529314e+03
2.305627651071283140e+02
2.307234319842760669e+03
2.193157064887222532e+03
2.286925569275184898e+03
2.299030165210112955e+03
2.222720756479361626e+03
2.279802564119575436e+03
2.254048680157387935e+03
2.205970063087695962e+03
2.408747936298862442e+03
2.249423719334186444e+03
2.228381678106449726e+03
2.293860484106603963e+03
2.299070513589675102e+03
2.305057063394444413e+03
2.257873591698350083e+03
2.316917269173369732e+03
2.247909847465993153e+03
2.268477339072001087e+03
2.275023767839151333e+03
2.225174772191146985e+03
2.327204555350956525e+03
1.967982675584707067e+03
2.254276737677571873e+03
2.220271303413820533e+03
2.313650799467706292e+03
2.185279524617039442e+03
2.248028913792312323e+03
2.164353429414388756e+03
2.326825975067752097e+03
2.324551467334514655e+03
2.285562530515465369e+03
2.011058873762683334e+03
2.313568347281776369e+03
2.295379148909669311e+03
2.168749202806883659e+03
2.316621254129750469e+03
2.273707713491248796e+03
2.274804658903187374e+03
2.330827170598931389e+03
2.322283734419434950e+03
2.314740433282546292e+03
2.333226342404874231e+03
2.095386443870299445e+03
-8.636102760012395407e+00
2.089057429867342762e+03
2.137389085853243159e+03
2.304066505102352039e+03
2.240987495975930415e+03
2.285226263092611589e+03
2.076988001877987699e+03
2.292245830890653451e+03
2.304554589840137851e+03
2.282899825354830682e+03
2.307227244646229337e+03
2.294570205332069236e+03
2.317384490844044649e+03
2.306589465516315613e+03
2.300717801143386168e+03
1.903283610862300065e+03
-6.432230078622117162e+02
1.981205666093460422e+03
2.284668489273276009e+03
2.173157116854443302e+03
2.224680880051288113e+03
2.266443168541299201e+03
2.270488254555772983e+03
2.319991029297715613e+03
2.217381875309541101e+03
2.303177135546841782e+03
2.283152874135726506e+03
1.014116507037507859e+03
2.215021813414324242e+03
2.298474250351096089e+03
2.305730112411623395e+03
2.237488902970983872e+03
2.262505908590444506e+03
2.306745811113998570e+03
2.294518571267914012e+03
2.226717418204820660e+03
2.113359666219081646e+03
2.319370341446827297e+03
2.313383810036903924e+03
2.326417064860695973e+03
2.300249716552668360e+03
2.285338256816110970e+03
2.311311523595077688e+03
2.237021920906795003e+03
2.309716652300740861e+03
2.308515144416908242e+03
1.706738721057490125e+02
2.283475397649483511e+03
2.261234593440390654e+03
2.233991308126310287e+03
2.247382964523163537e+03
2.332437790063534521e+03
2.304754120882888856e+03
2.310956258877859455e+03
-5.938158354021063587e+02
2.375893318260186334e+03
2.313092870564351870e+03
2.288112011004584929e+03
2.091069411060649145e+03
2.192310162165579186e+03
2.213188274772258410e+03
2.329956991018281769e+03
2.333515024125959826e+03
2.199741255596507472e+03
2.241442910239996309e+03
2.328917402275691529e+03
2.048064587130446398e+03
2.293921193052779472e+03
2.035301839041736002e+03
2.344981849659926866e+03
2.261211768166981983e+03
2.228214123553337686e+03
2.311303362807707799e+03
2.277699890911027524e+03
2.316159938424261327e+03
2.379487687405850011e+03
2.284039814519573156e+03
2.108213330969974777e+03
2.319422246861851818e+03
2.334102860444090766e+03
2.304534375998833639e+03
2.322821877243793097e+03
2.284937149403791409e+03
2.173072051259819091e+03
2.029699666330131095e+03
2.302404750063024949e+03
2.279309449813784340e+03
2.240726202939093127e+03
2.203875958972357694e+03
2.232928143488586556e+03
2.298361812027173983e+03
2.127378019960286565e+03
2.315057993203066872e+03
2.125393879809224927e+03
2.313537757370378131e+03
2.287442750809530480e+03
2.244150459051560119e+03
2.237894604754517786e+03
2.215504414983873176e+03
2.201369690767095562e+03
2.410140999992649540e+03
2.322475525166512853e+03
2.267378457782417627e+03
2.313294061666917514e+03
2.282970990226340291e+03
2.147497320979107371e+03
2.197435860907441565e+03
2.325095581707297697e+03
2.253885024646769125e+03
2.468565237455467923e+03
2.315327413368429916e+03
2.255494527819543691e+03
2.293421860185727382e+03
1.679042013421654019e+03
2.202871673653717608e+03
2.057510686503574107e+03
1.979896586367598275e+03
2.442254010985447621e+03
2.292113006591854173e+03
2.321891817266832732e+03
2.293747568304429478e+03
2.274533410702487345e+03
2.233576390004843233e+03
2.276582456936122526e+03
2.210803688537197559e+03
2.197977731993370526e+03
1.943324033156043924e+03
2.305309763035800643e+03
2.259508717600322598e+03
2.285525331089152587e+03
2.298127503320233700e+03
2.254184840034256922e+03
2.326502462636494784e+03
2.317493804010657641e+03
2.286737047644067388e+03
2.234278548863681863e+03
2.225492261935029092e+03
2.218273297199792069e+03
1.882681521108410834e+03
2.247085239738803466e+03
2.128615704421888040e+03
2.301029025081995314e+03
2.231642820798281264e+03
2.254129482620168346e+03
2.304164347727764834e+03
2.212026993372941888e+03
2.265829509382190736e+03
1.883830531323395235e+03
2.258536472424676049e+03
2.327285762676193372e+03
2.276458506856877648e+03
2.193831518538202999e+03
2.333838614464375951e+03
1.914255553649122248e+03
2.331403412496298188e+03
1.896742173549781683e+03
2.302343037307654413e+03
2.171730497005911730e+03
2.223504225497603329e+03
2.204769165138520748e+03
2.273426822305325459e+03
2.306670623516207797e+03
2.217034226180377118e+03
2.379381472559672147e+03
2.253198503803504536e+03
2.357228517098895395e+02
2.283919257168970034e+03
2.344989632778640043e+03
2.306182292020384011e+03
2.285239115686057630e+03
2.286255153728991900e+03
2.160465908441782631e+03
1.990493045440860669e+03
2.272576500943650899e+03
2.324186511248430179e+03
1.788042238092148636e+03
2.125377096428647292e+03
2.311927690967685976e+03
2.276151336577355323e+03
2.275145757145282460e+03
2.301302737293626706e+03
2.255577328259717888e+03
2.442490200886680213e+03
2.366254013856183519e+03
2.160816244341110632e+03
2.292906583724645770e+03
2.291201802924274034e+03
2.370259789364274639e+03
2.252288203180949495e+03
2.250885688321151065e+03
2.314775768780005365e+03
2.079523682499410370e+03
2.363213535355964268e+03
2.229315774133103332e+03
2.259933992239041800e+03
2.256689589851086566e+03
2.251247403812505581e+03
2.216166744621637918e+03
2.283436346798808700e+03
2.238748671026557076e+03
2.276648585830568663e+03
2.316107971345717033e+03
2.293283531181087255e+03
2.303047095055478621e+03
2.281733173585867007e+03
2.094041760244940178e+03
2.296692444817443629e+03
1.970541304475578272e+03
2.181308110653877975e+03
2.362157180100185087e+03
2.148878191418426923e+03
2.385821975167158598e+03
2.287874410625645851e+03
2.051336700263462262e+03
2.255247638813041704e+03
1.929831489942295548e+03
2.318226208843536369e+03
-1.447848875328665486e+01
2.270237288634098604e+03
2.277159115789319003e+03
2.311656099898516004e+03
2.276126542899337437e+03
2.121162782235707255e+03
2.312602910159757357e+03
1.885791563881585262e+03
2.256809033101375462e+03
2.311558253453829821e+03
2.277043585518904820e+03
2.213215966862228015e+03
1.811590538180029853e+03
2.205101877355737088e+03
2.292833889850579908e+03
2.285470857210325448e+03
2.271072100106366634e+03
1.992169226838897657e+03
2.288652753279452099e+03
2.293615862619002655e+03
2.265004217205679197e+03
2.054708830488091735e+03
2.509268324293054775e+03
2.361061051632629642e+03
2.260846550900887905e+03
2.173252318952586393e+03
2.298801946032732303e+03
2.198399551911497383e+03
2.366788375466116122e+03
2.230817008884328061e+03
2.130154562554600489e+03
2.012722286807656474e+03
2.321647990164620296e+03
2.325281075747751402e+03
2.312058189290438349e+03
2.009711715439140789e+03
2.241842493200726949e+03
2.327160788926465102e+03
2.286340044881547328e+03
2.294911306004811195e+03
2.236928184909168522e+03
2.257291944345677621e+03
2.028001644905485364e+03
2.273991018415052167e+03
2.287707563913896593e+03
2.069277578420431382e+03
2.419679827848823606e+03
2.289742315191450416e+03
2.328359534445444751e+03
2.285688461630951679e+03
2.275560744995431833e+03
2.295338763775704592e+03
2.063782308162694790e+03
2.187579653750288799e+03
2.200270935263036336e+03
2.279790341152338897e+03
2.264028716894798890e+03
2.204450259517582253e+03
2.316682595464128553e+03
2.318730609504556924e+03
2.213611779976756679e+03
2.463770881806420221e+03
4.652029130007044841e+02
2.287489206305789594e+03
2.043513003357479647e+03
2.314769135131138228e+03
2.184391331787339823e+03
2.250195777581011498e+03
2.352527113951789488e+03
2.196828697018702769e+03
2.270610388892207538e+03
2.195647492289233014e+03
2.248775267535941111e+03
2.263656102515925340e+03
2.234851062802458728e+03
-7.581483464883978058e+02
2.209377254022162560e+03
2.267805269320370826e+03
2.340622514938595941e+03
2.342219961542467900e+03
2.206393605564119753e+03
2.232011980718049472e+03
2.363048357366118580e+03
2.309584632216171485e+03
2.216502567977636318e+03
-1.646913903535231611e+02
2.328075306030823867e+03
2.290116314387404600e+03
2.318158722468774158e+03
