0.000000000000000000e+00
2.329058507511446805e+03
2.336749888424164965e+03
2.331222141998547158e+03
2.257265739582425340e+03
2.347750409958349337e+03
2.342429607947613476e+03
7.730860095691092511e+02
-8.475492271663798647e+02
-1.053097517940133685e+03
-1.154392162654543881e+03
-1.909383855314648144e+03
-1.750829786185153353e+03
-1.742729419302770111e+03
-1.468548795557326685e+03
1.452904750331943887e+03
2.301080245551420830e+03
2.009446589579638839e+03
-4.692741261823287005e+02
-5.987441651723254381e+02
-3.295032533709404561e+02
-3.937031980816098553e+01
-7.200953018644543135e+02
-7.017192228737765163e+02
-4.425642999119209549e+02
-4.768852232303095775e+02
-1.376158887458654817e+03
-1.166031825419772531e+03
-5.015636441464219502e+02
1.928678912421367386e+03
2.016803615753845179e+03
-3.841252547838778924e+02
-4.575860850534750739e+02
2.069552337073058879e+03
2.222528231125797902e+03
2.268314676947564749e+03
2.166535209393196965e+03
2.322839561944039815e+03
2.327720503609773004e+03
2.283903661192218351e+03
2.310981524515133060e+03
2.339603066372200374e+03
2.218136560804315195e+03
2.046213404687475759e+03
2.275630517480583876e+03
2.342462638676706320e+03
2.319017264317065383e+03
2.316405866695970872e+03
2.135361260730669983e+03
2.308391357712317586e+03
2.162549687034555063e+03
2.186555866197124942e+03
2.316113843994583021e+03
2.332980693121529839e+03
2.258240970985101740e+03
2.292001849501596553e+03
2.340382043852566312e+03
2.321953004746698298e+03
2.292310009943497789e+03
2.236079503019458116e+03
2.290023579578582940e+03
2.305209407099890086e+03
2.327387023827915073e+03
2.320466896056158475e+03
2.305715500636017168e+03
2.104755495520174009e+03
2.312160774549221060e+03
2.285220627316600257e+03
2.252342750994096605e+03
2.329038367444529285e+03
2.312616516759777824e+03
2.258861870869280210e+03
2.229709433773303772e+03
2.336968051901731997e+03
2.265455815599496418e+03
2.289372421467343884e+03
2.317545113415062133e+03
2.314267368743393490e+03
2.039722463575574466e+03
2.281274520465379283e+03
2.178144759507031267e+03
2.236086316287937734e+03
2.240375599213780333e+03
2.248199137789894394e+03
2.303402018397141546e+03
2.247710321825341452e+03
2.300262136050743266e+03
2.308059329199554668e+03
2.300638792613786791e+03
2.321480922222374375e+03
2.313316269870103497e+03
2.131199798939125685e+03
2.278675916459940709e+03
2.304667986389802991e+03
2.300857482966729094e+03
2.302283639050730017e+03
2.098595050336891745e+03
2.318586254569738685e+03
2.314879314198032262e+03
2.209312736641926222e+03
2.311555116793616435e+03
2.187757982820996858e+03
2.120125602271677963e+03
2.320854132052624664e+03
2.285886297501727313e+03
2.422440107895043184e+03
2.274207216231208804e+03
2.099591481054666019e+03
2.267966097509060091e+03
2.256373805224849093e+03
2.298755757930328855e+03
2.186359573621834897e+03
2.274879437604543455e+03
2.321859604012812270e+03
2.307528104810347941e+03
2.202559563364725818e+03
2.216125181896103186e+03
2.324393646146907486e+03
2.299853249354385298e+03
2.324764232085781259e+03
2.309463508679055849e+03
2.298010009752092174e+03
2.322103679654116149e+03
2.150914352221792797e+03
2.224423070995725993e+03
2.216218933381027455e+03
2.108999478651319805e+03
2.320142491709435035e+03
2.181325201026244031e+03
2.303091102480411791e+03
2.297829030715487988e+03
2.195129304565598886e+03
2.254583270111282218e+03
2.223079514775744428e+03
2.164109346199536958e+03
2.312944899056836221e+03
2.333866022591156252e+03
2.118358027132593179e+03
2.186066481209267295e+03
2.224075478411397398e+03
2.318041420640106480e+03
2.184029340490448703e+03
2.147660629394025818e+03
2.158815095299540189e+03
2.305997078399117527e+03
2.298085326276129308e+03
2.228415315536175513e+03
2.155855935242242595e+03
2.340579908329336831e+03
2.217472990038255830e+03
2.298476894736723807e+03
2.151267171712337586e+03
2.204680030851100128e+03
2.216698036659657646e+03
2.307275682665360364e+03
2.322256791382161737e+03
2.264371221381842133e+03
2.329140052514114359e+03
2.132260741897945081e+03
2.272025605665407056e+03
2.310409580845340315e+03
2.073199025461831752e+03
2.162793358593345147e+03
2.325651615299068908e+03
2.304207788993812301e+03
2.229357740804071000e+03
2.168545491167113141e+03
2.198214666068442966e+03
2.313483898280062022e+03
2.252790987328366100e+03
2.263022570654278297e+03
2.270529870959446725e+03
2.221922975456978747e+03
2.213788308913060973e+03
2.304691662752505181e+03
2.287926567487805187e+03
2.310203779978111925e+03
2.321275408892802261e+03
2.362835739469539476e+03
2.319667271880819044e+03
2.313976052592218366e+03
2.243093502399983208e+03
2.270748733412296588e+03
2.315817556731944478e+03
2.329236627439241602e+03
2.244398961951456386e+03
2.261368654609094392e+03
2.219376293969162361e+03
2.290996204456529540e+03
2.211133701403362465e+03
2.256807157239235039e+03
2.222104327121182450e+03
2.241714353160021346e+03
2.270376350464689040e+03
2.293172364070001095e+03
2.241266944555954069e+03
2.303756288360350027e+03
2.301909631046569302e+03
2.184179008098210943e+03
2.113327710743206808e+03
2.332366484968036275e+03
2.240254916528147078e+03
2.302660132431459715e+03
2.079935704243137025e+03
2.301866931864293292e+03
2.322515500440048527e+03
2.319680712443527227e+03
2.313980746201443253e+03
2.187462265691879111e+03
2.310310683061273267e+03
2.258856611703423823e+03
2.179788307034696572e+03
2.334406531747530607e+03
2.324053068186568453e+03
2.332375966262336533e+03
2.243647505071347950e+03
2.322167925464245855e+03
2.317193413928420796e+03
2.225065513660184024e+03
2.455630942388722815e+03
2.308231787691868249e+03
2.139234664057931695e+03
2.298221579281500453e+03
2.305683001991913443e+03
2.321581868401515294e+03
2.274654098324274855e+03
2.269804333501402652e+03
2.252896666000465302e+03
2.364413051319038459e+03
2.267047480660450219e+03
2.234621985078559646e+03
2.305129130090822855e+03
2.249401508222680604e+03
2.267276939866637804e+03
2.288380723444111936e+03
2.270056019482960892e+03
2.246172259688840768e+03
2.334566864049448668e+03
2.302632014519070708e+03
2.299564433326927883e+03
2.312207477230620498e+03
2.334018019234319581e+03
2.330389062315052797e+03
2.193060288632437732e+03
2.388677433560927511e+03
2.170327689027611086e+03
2.315832078203728543e+03
2.293469045697455385e+03
2.214432371460068225e+03
2.292074082286283556e+03
2.237131111123856499e+03
2.187538268892435553e+03
2.181030658959242373e+03
2.294937050722116510e+03
2.225015446006767434e+03
2.246404024823737018e+03
2.238695098115602377e+03
2.215009438684742690e+03
2.267334804145310954e+03
2.314407197789536440e+03
2.296497344939846244e+03
2.264278368032643812e+03
2.170990738177874846e+03
2.245103443542791865e+03
2.262933676410372755e+03
2.284493433903735422e+03
2.311640600829520736e+03
2.278397761637534586e+03
2.282060375062910680e+03
2.187603139680906679e+03
2.287627192008438215e+03
2.259564338402366957e+03
2.289752779511763038e+03
2.129800192809232612e+03
2.166024007267981233e+03
2.325343964763520944e+03
2.313643658153604974e+03
2.309252711005249694e+03
2.206429105708281895e+03
2.031016902368255614e+03
2.329352638661485798e+03
2.258422816556961607e+03
2.285923871559020881e+03
2.280638775074703062e+03
2.178604850145394266e+03
2.165759944173183158e+03
2.258726839948969427e+03
2.245067572959329482e+03
2.291665158068399251e+03
2.254835000090093672e+03
2.146719366711905423e+03
2.294754018681972411e+03
2.298597311591120615e+03
2.190988572372802537e+03
2.306618080308830031e+03
2.200851398766370949e+03
2.248087284304374862e+03
2.309135007075418798e+03
2.154277841631837873e+03
2.200942191107286817e+03
2.209462590377647757e+03
2.293659400523151817e+03
2.267528280609224566e+03
2.323150297917756234e+03
2.319425414907156664e+03
2.309513606706562314e+03
2.313852211576834634e+03
2.085629664348548431e+03
2.263151245931937410e+03
2.290407331476917534e+03
2.236383416164789651e+03
2.230563718778067141e+03
2.162706894961451326e+03
2.309790424714998153e+03
2.275381639045198426e+03
2.261437814268971124e+03
2.199037098315351614e+03
2.327292246299205999e+03
2.151823224211061188e+03
2.137047976665900478e+03
2.313084744161907565e+03
2.051812528136535548e+03
2.265125609664582498e+03
2.302603573450712247e+03
2.305687438938382911e+03
2.261866459861778367e+03
2.294777065377456893e+03
2.193905693980876094e+03
2.184785342185143236e+03
2.322736011758352561e+03
2.253580229045919623e+03
2.264165788527485802e+03
2.281595417949876719e+03
2.324492551433500012e+03
2.272393886957566792e+03
2.306414461511501941e+03
2.302068038918581806e+03
2.295831933659031620e+03
2.210597546646863520e+03
2.287629611768433733e+03
2.330583240213893987e+03
2.221587008796120244e+03
2.291787489446097425e+03
2.297664323367792349e+03
2.024496089639933871e+03
2.205404197883368397e+03
2.272136760829622290e+03
2.316279883349994634e+03
2.303783969179998167e+03
2.285546251837333330e+03
2.324390375493295323e+03
2.218538710470501428e+03
2.306280851321246246e+03
2.309762327311013905e+03
2.181779652938382696e+03
2.271289221740251378e+03
2.311866955797292576e+03
2.092785036283744830e+03
1.987323304049315993e+03
2.250537543498221567e+03
2.282537184892288678e+03
2.195451458094222744e+03
2.065299193716477475e+03
2.330074878550000449e+03
2.302345773684760843e+03
2.131366676198918412e+03
2.334931822339697646e+03
2.030028828097404585e+03
2.207871817936079424e+03
2.150909158451791427e+03
2.313652702749301170e+03
2.252753640418658506e+03
2.278176698642068914e+03
2.290702549082140649e+03
2.314863455287411398e+03
2.282738074288155076e+03
2.281648518753210737e+03
2.169978371588025766e+03
2.165779077961715757e+03
2.287426980014161927e+03
2.284885472858227331e+03
2.329057738754856473e+03
2.330453049606509921e+03
2.224595665483318044e+03
2.140675202714791340e+03
2.283029228170512852e+03
2.291123840793617092e+03
2.156297084875379824e+03
2.237280674573689794e+03
2.163194667881978603e+03
2.316582247755844492e+03
2.181450318736076952e+03
2.273817556438784777e+03
2.335719264635807122e+03
2.214605134859863938e+03
2.295314777920871620e+03
2.243021607120478166e+03
2.233413064352544552e+03
2.036243706598390872e+03
2.176450991254386736e+03
2.232330145851021825e+03
2.253045617810010299e+03
2.209862507511716558e+03
2.328678122157512917e+03
2.158019536836346560e+03
2.307104030542374858e+03
2.286919040267161108e+03
2.218369861680297618e+03
2.290449355734179335e+03
2.179037477799628050e+03
2.211987799651314162e+03
2.222267331751532765e+03
2.269418031352894104e+03
2.163501279431567127e+03
2.177487818539746513e+03
2.159605613117651956e+03
2.313911123299959854e+03
2.240032508333098122e+03
2.269279197889385614e+03
2.160296194884858778e+03
2.196484216597547402e+03
2.201207109924137512e+03
2.296512894528752895e+03
2.319787692320561291e+03
2.172491182373081301e+03
2.249366551936670476e+03
2.326261196176354133e+03
2.184519071586185873e+03
2.180313657115654223e+03
2.312693374995079466e+03
2.306195397565732492e+03
2.218022917387088000e+03
2.227165171587013901e+03
2.264295228708130708e+03
2.112072490395977184e+03
2.152131526655341077e+03
2.274064125801110094e+03
2.312245311662800304e+03
2.242564532667375261e+03
2.247087428080178142e+03
2.310164644355063501e+03
2.279248371811081597e+03
2.307706569958565069e+03
2.210105568129019957e+03
1.501569712302173684e+03
2.150237801415107242e+03
2.283825030552303360e+03
2.271788807584302049e+03
2.169089142100402114e+03
2.289656669805471211e+03
2.211130345500859221e+03
2.138345004149522993e+03
2.042899708606349805e+03
2.146016105165102999e+03
2.228550596833517375e+03
2.238491461376561801e+03
2.285938083505082432e+03
2.389294733850130797e+03
2.336011369024104624e+03
2.171254771239226102e+03
2.305407788438195894e+03
2.322140706871731709e+03
2.309039254802448340e+03
2.333603682366505382e+03
2.296907389594552114e+03
2.287144223950377636e+03
2.265773850187712924e+03
2.125466591634743054e+03
2.152331663168502018e+03
2.238736226755655025e+03
2.319051080890743378e+03
2.311435292037016552e+03
2.320744815087350617e+03
2.250553631079434581e+03
2.005070110185991325e+03
2.209657065008062546e+03
2.318259351586300909e+03
2.231012226128023030e+03
2.297760433732185902e+03
2.289150290218532973e+03
2.201658410525827549e+03
2.116684406180213500e+03
2.230421869054828221e+03
2.186820735871109264e+03
2.161803916260968435e+03
2.244561262649672244e+03
2.201263934676645022e+03
2.320617298964967176e+03
2.067068897148848919e+03
2.298211334403866204e+03
2.336043067874138160e+03
2.159765385838959446e+03
2.328411355202100822e+03
2.243404757342374523e+03
2.313562184783526845e+03
2.322079373736337402e+03
2.293297878061855954e+03
2.187287107930438196e+03
2.313794295939158474e+03
2.309864224888085573e+03
2.325183724654268190e+03
2.276535995505165829e+03
2.159396492870884686e+03
2.319934684313688194e+03
2.182941383431548275e+03
2.330198085563199129e+03
2.164861503537305452e+03
2.318400509711537325e+03
2.273779737984259100e+03
2.200088474748175940e+03
2.311194221811378611e+03
2.363091707824970399e+03
2.253697394735257603e+03
2.207657075657476980e+03
2.253254862356268404e+03
2.319368855186012297e+03
2.176140205500537377e+03
2.330500710588875336e+03
2.182231935837934543e+03
2.317360335816556926e+03
2.321042773145392857e+03
2.181616019390845850e+03
2.337521364522310705e+03
2.327617869594912918e+03
2.318304064256547463e+03
2.277977505058298902e+03
2.134772367140594270e+03
2.183814566465517601e+03
2.327283556862498699e+03
2.254372743893667121e+03
2.321331779907896816e+03
2.153520279159605252e+03
2.320105767105480936e+03
2.262930514217070595e+03
2.327293452604914819e+03
2.262159342078379268e+03
2.088831279508859097e+03
2.290527789635993031e+03
2.271038270977393495e+03
2.321333609082201292e+03
2.208388140066679625e+03
2.221726012225954946e+03
2.265061527694224424e+03
2.180223559661555555e+03
2.252389269887498358e+03
2.291548778091447730e+03
2.069840874499060192e+03
2.155527483427278639e+03
2.273150124621793111e+03
2.290425894227390927e+03
2.291604830065344686e+03
2.290018383088944120e+03
2.138882702041748871e+03
2.314754826476670132e+03
2.300322397933839056e+03
2.309117694558534822e+03
2.321767889108331474e+03
2.321945589303038560e+03
2.256697549704592348e+03
2.117465049099491807e+03
2.262957378726391653e+03
2.154606524259283105e+03
2.268940379498054426e+03
2.210383157889784343e+03
2.288219893616090303e+03
2.203132892711558270e+03
2.288383328908309522e+03
2.288158755832095267e+03
2.169516575261403887e+03
2.316173230909273116e+03
2.273078369215054408e+03
2.254924484716967982e+03
2.291632380863526123e+03
2.255935847803763409e+03
2.304952595062081855e+03
2.358004459644429517e+03
2.305067554767083038e+03
2.103867472692465526e+03
2.216411401961208867e+03
2.273780893191321411e+03
2.192543836319232923e+03
2.225789687622978363e+03
2.196533808536670222e+03
2.344971109592171615e+03
2.291129337542673511e+03
2.254826366955067897e+03
2.310700679546614538e+03
2.323120824551057922e+03
2.257669987875014158e+03
2.329937584538834926e+03
2.305853081701846349e+03
2.187816267648196572e+03
2.234655309755328744e+03
2.325813217603846624e+03
2.264288761278456150e+03
2.148915412623320663e+03
2.219373273671746119e+03
2.097931858880025629e+03
2.310075583189470763e+03
2.308964115282794410e+03
2.296251755200192747e+03
2.259651578387178688e+03
2.312884938057557520e+03
2.328361238414189756e+03
2.213473138835328427e+03
2.287821712831622790e+03
2.310067710623322000e+03
2.263882845562670809e+03
2.289858921449975242e+03
2.314990851903525254e+03
2.164263505344587429e+03
2.292409680840949477e+03
2.307758633554731205e+03
2.246398527867419034e+03
2.294766057741144323e+03
2.310318707964082478e+03
2.308552631863425177e+03
2.247948195918337660e+03
2.150681245284907163e+03
2.311397822789768725e+03
2.340443703331540291e+03
2.167014863002141283e+03
2.289265851901826863e+03
2.243948796876402412e+03
2.325050399967080466e+03
2.110266403880671533e+03
2.193024262142960652e+03
2.194580725203888505e+03
2.272077430253741568e+03
2.170187200154756738e+03
2.085030283505784610e+03
2.098729967680445952e+03
2.260556452549531969e+03
2.277612302835337687e+03
2.254256276040319790e+03
2.343792885628276053e+03
2.313821931122098704e+03
2.230402031011395593e+03
2.302705544275030661e+03
2.266503508487674480e+03
2.285825764191577036e+03
2.241985815765937787e+03
2.257505050726870195e+03
2.226880908127066959e+03
2.266546008385133518e+03
2.299008252146821178e+03
2.156787272595842751e+03
2.352755108662413477e+03
2.264231834992183849e+03
2.322471923894160682e+03
2.274371789194650773e+03
2.300660783395693670e+03
2.222099075739494765e+03
2.192863658698076051e+03
2.290981207674915368e+03
2.251116574338480405e+03
2.400590459190075308e+03
2.328605498968403481e+03
2.305899988377121645e+03
2.288143546370354670e+03
2.285486474980777075e+03
2.144615742467671225e+03
2.115469332701055919e+03
2.208455757917346546e+03
2.283782577655887508e+03
2.156270264473726456e+03
2.344488614874564064e+03
2.190053195413463527e+03
2.167174814257101389e+03
2.267344869106171245e+03
2.298686176836392406e+03
2.198479110593609221e+03
2.304558676642664977e+03
2.260349471772095967e+03
2.287518690472041271e+03
2.317881400130188922e+03
2.283373032781620168e+03
2.352885621079176872e+03
2.211607715405912131e+03
2.360648347274205662e+03
2.296391469327119012e+03
2.234396126862722667e+03
1.925358367441211840e+03
2.193777326917629580e+03
2.132341887656089511e+03
2.283096749761404681e+03
2.367685219680094633e+03
2.243855375723800989e+03
2.119859612255952015e+03
2.276458645752963548e+03
2.197554024671751904e+03
2.319259716585392198e+03
2.181382446682253885e+03
2.360516602186503860e+03
2.156096410028349055e+03
2.321698904730039430e+03
2.199801397111284132e+03
2.225628683279052893e+03
2.321314261691857610e+03
2.158892794376270103e+03
2.314620880141828820e+03
2.273975118220536842e+03
2.253408830246507023e+03
2.300020476173731822e+03
2.315867702625820129e+03
2.329814385196006242e+03
2.215453314926183339e+03
2.156354439556406760e+03
2.289087272194983598e+03
2.307909172564409346e+03
2.209867436402388194e+03
2.289537430157970903e+03
2.266415399629740477e+03
2.284212803180689207e+03
2.426693203180175715e+03
2.042540352142304073e+03
2.308751977151087885e+03
2.283421663216281104e+03
2.209592638812728183e+03
2.237143801079614150e+03
2.269720123207154757e+03
2.169373977588061280e+03
2.292453909626563473e+03
2.260405167000648362e+03
2.227634846127674791e+03
2.327391877354438293e+03
2.295421363871761059e+03
2.198836093442904712e+03
2.173226768676805477e+03
2.266325366755499545e+03
2.203808038757828399e+03
2.272168050595563727e+03
2.250605435993823448e+03
2.322312614258775284e+03
2.281543458296442623e+03
2.314792313798647683e+03
2.288283464528496552e+03
2.257648652170582864e+03
2.323227940351180223e+03
2.176257013142326286e+03
2.214490162269164102e+03
2.253474548755735668e+03
2.199036871055142001e+03
2.291550069637211891e+03
2.307146097642171753e+03
2.223427905962587829e+03
2.312329968709044351e+03
2.293045091510898601e+03
2.234996798276677509e+03
2.188901775363417983e+03
2.303647485908350063e+03
2.232047796738338093e+03
2.280480443295848545e+03
2.247103488804025801e+03
2.225567894911530402e+03
2.239616067399191252e+03
2.302583941262140343e+03
2.310439897916516202e+03
2.274838868919166543e+03
2.229919766669244382e+03
2.181948603434857432e+03
2.285717647663836033e+03
2.305824919467955169e+03
2.236148822057336474e+03
2.271265356172640168e+03
2.309467365079256979e+03
2.235906603911686034e+03
2.219877474543279277e+03
2.199107797480188310e+03
2.292711323578149404e+03
2.273978005440511879e+03
2.154014219956217858e+03
2.287245752839276520e+03
2.272717942786484855e+03
2.273161285096587108e+03
2.264896767868408460e+03
2.008303354443668923e+03
2.266949718113455219e+03
2.255352134315016883e+03
2.295985941190969697e+03
2.267308964283516616e+03
2.292996616067363902e+03
2.284705316471648985e+03
2.257914682930462732e+03
2.104070601061122488e+03
2.291733533848327170e+03
2.302893245260070216e+03
2.146710493881430466e+03
2.249375464759229999e+03
2.114147865828797421e+03
2.166650892438815390e+03
2.311634260603962957e+03
2.337632229383633785e+03
2.332576196841240289e+03
2.176385281706860496e+03
2.309041648790664567e+03
2.244564393307353384e+03
2.309610049600761158e+03
2.283442312396809939e+03
2.316244633608814183e+03
2.229716413904884575e+03
