0.000000000000000000e+00
1.643130464725990805e+03
2.031171319900156732e+03
1.934339669404046617e+03
-9.865422725691742016e+02
-8.350142824747682653e+02
-2.040863268151478223e+03
-1.480328980712170960e+03
-1.927862103918821049e+03
-1.379011754624868445e+03
-1.797208084167376455e+03
-1.649692317526117904e+03
-1.751855128624004465e+03
-1.499875464222432811e+03
-1.443136994252048680e+03
-1.635443020184444322e+03
-1.519221684073080496e+03
-1.894896442316731282e+03
-1.476753326175529764e+03
-1.589936394194889090e+03
-1.454460124698963455e+03
-1.840463343699182360e+03
-1.744960455041520390e+03
-1.500777120285089040e+03
-2.152271839498319423e+03
-1.238613852524738604e+03
-1.062407142590965123e+03
-1.327841618133569000e+03
-1.376455850324735138e+03
-1.073703417121424309e+03
-1.473599397228223779e+03
-1.820096493239020219e+03
-1.305078432929867859e+03
-8.269137863290729911e+02
1.878480174233318849e+03
-5.154917163093679164e+02
-4.034339266578374463e+02
-1.238104834450984981e+03
2.260760689752533835e+03
1.526906053371882308e+03
1.824015277439561714e+03
-4.343949481717162939e+02
1.964115705177597192e+03
2.021602798382984474e+03
-2.986228440439688256e+02
9.472013846806809170e+02
1.915344630346984104e+03
2.151563188731453920e+03
1.870120953954693050e+03
-5.592398272106302102e+02
-2.928330793903894573e+02
2.293223474832542252e+03
2.237248948040608866e+03
2.133475002004925955e+03
1.914674542058702400e+03
2.208968267490526159e+03
1.882356188104341300e+03
2.255282158843569960e+03
1.811373854427785091e+03
2.018929311392591444e+03
2.057168318857882696e+03
2.253351563274593445e+03
2.071789804385148273e+03
2.207190524564732641e+03
1.957134468864049495e+03
2.053487217888721716e+03
2.203488029714669210e+03
2.303805551026814555e+03
1.923846397296125815e+03
2.197994503554378753e+03
2.335122057415378549e+03
1.893242535145956026e+03
2.128214725232655383e+03
2.055443232216591241e+03
2.321247211244984101e+03
2.323208125468819617e+03
1.983240789484533707e+03
2.016897932916826903e+03
2.312839786315518722e+03
2.125953381596019881e+03
2.000436420175732565e+03
2.229873126114763181e+03
2.167720273475963040e+03
2.202095865748618507e+03
1.962155952852458313e+03
2.202917498539043663e+03
2.324004411298710693e+03
2.043807086691964287e+03
2.053563575871177818e+03
2.328211423009329337e+03
2.157409115983623906e+03
1.920210617791270579e+03
2.042591141209416492e+03
2.079615209865211455e+03
1.957563393022198852e+03
2.308480130158674001e+03
2.124252701069118757e+03
1.922662278371175717e+03
1.794983347504037511e+03
1.926460152628639889e+03
2.271612287620388543e+03
2.131582402302849459e+03
2.030524485215595632e+03
1.907378361607788065e+03
1.965052877532583580e+03
2.081587937058975513e+03
2.026039482718769477e+03
1.967565871975291657e+03
-7.009913756942838745e+02
2.292837659257507767e+03
1.970553166535685705e+03
1.921060879294575443e+03
1.862704221705517284e+03
2.216999770044950765e+03
1.978317791720789501e+03
2.189346589805443728e+03
2.121788046719825616e+03
2.326761714092461716e+03
2.094672045918425283e+03
2.037469556886898317e+03
1.858257832149027763e+03
2.077355519831632591e+03
2.091939755769300518e+03
2.247643307140551769e+03
2.124315620860850231e+03
2.284932416457141699e+03
2.082279931316353668e+03
2.316505488366678037e+03
2.312819407619744197e+03
1.828378104512732534e+03
1.833431167682170326e+03
2.325802464985318238e+03
1.987996368199852895e+03
2.318691684294957668e+03
2.090085142606453246e+03
2.223140964119628279e+03
2.205430265337205128e+03
1.728351199857204392e+03
2.301921877571847290e+03
2.290910886241351363e+03
2.046638882509121686e+03
2.081307864718569363e+03
2.171788075128052697e+03
2.076457107152994013e+03
2.260217549156586756e+03
2.071313222170151676e+03
2.174079278264757704e+03
1.738692525998598285e+03
1.920462552817335109e+03
2.077001151149523139e+03
2.099649573577316005e+03
1.963550184477483526e+03
2.145788408197109675e+03
1.882735864393294378e+03
2.171139888894433170e+03
2.144151877397350745e+03
2.186346245052289760e+03
2.055985277779253465e+03
2.220787653038435565e+03
1.750203996513477705e+03
2.149817935890967419e+03
1.956513513521296773e+03
2.023904189256646987e+03
1.998233901553134274e+03
2.167156600427063950e+03
1.976715447953307830e+03
2.290670385090173113e+03
2.100881080702289637e+03
2.080285698424242582e+03
2.025280409649986723e+03
2.099733204754795679e+03
2.216895837965544160e+03
2.258655268393647930e+03
1.789070749216501554e+03
2.071746713028614067e+03
2.294898465529764508e+03
-1.330482510779976337e+03
-7.296100639450710332e+02
2.078199060039734377e+03
1.944991746641188001e+03
2.215165465269144534e+03
2.278369623375901483e+03
1.978592852160533312e+03
2.171795662149189866e+03
2.303932078944665591e+03
2.328367738758258383e+03
2.061839726171267102e+03
2.232045907985484064e+03
2.118982004150042030e+03
1.904154328596733421e+03
2.044119384183370585e+03
2.153849553966349504e+03
2.274942008476758929e+03
2.279391303840154251e+03
1.691072238101748553e+03
2.077464705056506318e+03
2.325363590697475047e+03
2.298560593176366183e+03
1.983999214828623280e+03
2.264946352874544573e+03
2.218485483987128191e+03
2.316029408264268568e+03
2.330423174033253417e+03
1.926316863576879086e+03
2.262950021917881713e+03
2.155777353787510947e+03
1.942206443219888570e+03
1.867830752657962421e+03
2.018719132371425076e+03
-1.418939813778905545e+03
2.341706796822108117e+03
1.951566743284724907e+03
2.044822695480472476e+03
2.230584567115088248e+03
2.317936529355806670e+03
2.273543349701359148e+03
2.046897377857764241e+03
2.220367395585813483e+03
1.959151745218276119e+03
2.237216164630130606e+03
2.042472385856792698e+03
2.301614951848537203e+03
2.185673110212883330e+03
1.794793803353009935e+03
2.168217950919502073e+03
1.874848017283173249e+03
1.891662307005695993e+03
2.300048722841091603e+03
2.144142338309533443e+03
2.260356303006335565e+03
2.147270796070402412e+03
2.235502414777595732e+03
1.864870558821210579e+03
2.263207575591556179e+03
2.244683201672011819e+03
1.997408341884093716e+03
2.209146960568557461e+03
2.302506022202348959e+03
1.973546999245214010e+03
1.961358332711675075e+03
2.262965472295111340e+03
2.203771907903513238e+03
2.058493490649896557e+03
2.278545326681221013e+03
2.059121543937758361e+03
2.113476597433515053e+03
1.992067553213945757e+03
2.061674473856582154e+03
2.089220265692039902e+03
2.191328494431361378e+03
2.002326921007165538e+03
2.057363743813843939e+03
1.933937732814980563e+03
2.270882129766245725e+03
2.115258580403045471e+03
2.267758477468245474e+03
2.175796233273647886e+03
2.011999380663891316e+03
2.116388326067695289e+03
2.244229161373754323e+03
2.157572776123339736e+03
2.283841702609931872e+03
-7.792971096639240614e+02
1.614642878549474290e+03
1.928495629804375085e+03
1.893604323897937547e+03
2.157291854262139168e+03
2.277933234418510438e+03
1.990379455203817542e+03
2.253366938576009488e+03
1.728374562165930683e+03
2.237820968764576719e+03
2.265051985890311244e+03
1.967921541676890001e+03
2.099573431847014490e+03
1.903804696982292171e+03
1.939608176133774577e+03
2.072451499621302901e+03
2.184812943057268058e+03
2.258498705641360175e+03
2.046681545991877556e+03
2.220417026984902350e+03
2.165055592566125597e+03
1.941169587676170295e+03
2.248690412069327976e+03
2.239024077798125290e+03
2.310468437289090616e+03
2.314335315367838120e+03
2.121186182697564618e+03
1.827377678837278836e+03
2.098229932855041170e+03
2.011539124269920876e+03
2.298922531543284094e+03
1.874515711044011368e+03
2.250109496589000173e+03
2.020287372684505499e+03
-7.335075567348463892e+02
2.300489391558806346e+03
1.949290404533231595e+03
2.233967999556739869e+03
1.987100708116765645e+03
2.083979967238839436e+03
2.155076462136637474e+03
2.188890318837072755e+03
1.994547763854430741e+03
2.134601723634491918e+03
2.077081778818150724e+03
2.267298422128354559e+03
2.005461840583738422e+03
1.992982117891181133e+03
-1.411198535235827876e+03
2.210927151957986553e+03
2.333173596190215449e+03
2.302326448133849226e+03
2.058405332831901433e+03
2.178495628443628448e+03
2.182626196520441226e+03
2.213022689762208302e+03
2.224919486093622709e+03
2.110312275498910822e+03
2.263921323879781539e+03
1.835123773625092781e+03
2.032011779375585320e+03
2.324154792237209222e+03
1.756791167250090439e+03
1.951610974401861313e+03
2.318784819155820969e+03
2.190148217273770115e+03
1.968414505988299197e+03
2.315945552385431711e+03
1.996437309698067565e+03
2.136558958796013030e+03
1.876995189311535341e+03
2.140212733380405552e+03
2.090879063152239269e+03
-1.442982641328485897e+03
2.154301348116989175e+03
1.996442425464585540e+03
2.134666649068504285e+03
2.305171930214530221e+03
1.928851949530534057e+03
2.241182263503298145e+03
1.979200270408489814e+03
-1.423414991657144128e+03
2.018017324303047644e+03
2.080356650609557619e+03
1.990550828031178526e+03
1.940805398120365226e+03
1.972602422209328779e+03
1.728338182260220037e+03
1.817880937047775660e+03
2.118409495784172123e+03
2.191457148314969345e+03
2.093168360425837818e+03
1.953977958784089878e+03
1.901525216333875051e+03
2.227204685980305840e+03
2.313445453276491662e+03
