0.000000000000000000e+00
-1.058560720354384102e+03
-7.483543479895680548e+02
-6.577255832469217012e+02
-1.095374261785842833e+02
-7.109507892469573562e+02
-1.239060719838233126e+03
-7.892676434171445408e+02
-1.767580855278040417e+03
-9.567995510028539456e+02
-9.169008132593555729e+02
-2.034677597604678112e+03
-2.011418868121062360e+03
-1.761183921560520048e+03
-1.680790430508597638e+03
-1.811202805398039118e+03
-1.812722247357536617e+03
-1.882140929506356770e+03
-1.763899429588767816e+03
-2.051453235492180283e+03
-2.063303181555439551e+03
-1.731063306510427083e+03
-1.966076539665830296e+03
-2.050800368300080208e+03
-1.860935875491662046e+03
-1.768264663270511619e+03
-1.662724087813504411e+03
-1.599059546058022534e+03
-1.815010178760722965e+03
-1.001151380034503973e+03
-1.361328411879574560e+03
-1.079920091294166468e+03
-1.882491147185863611e+03
-1.195257754942963857e+03
-1.284301730187426529e+03
-1.680818070605505909e+03
-1.811052929543993287e+03
-1.975926746718071854e+03
-1.775479055421011935e+03
-1.705067945202955798e+03
-7.208201988424629008e+02
-8.171034416721289517e+02
-1.634173294018724846e+03
-9.321873990857469607e+02
-1.667232411295490238e+03
2.323370170543084441e+03
-1.058785316081596875e+03
-1.379389170405496316e+03
1.989733947380110521e+03
2.294380233846918600e+03
-6.031071772857510496e+02
9.188849303805174031e+02
8.286986286852715011e+01
-8.098600003127368154e+02
-5.899072429573079717e+02
2.309154847541213712e+03
2.185778108297228755e+03
2.013590552896640929e+03
2.180716075464756614e+03
2.285292616313112376e+03
2.331201060691933890e+03
2.287909054616884077e+03
2.326685451073535660e+03
2.273355719091416631e+03
2.323905442315230175e+03
2.311314048324506530e+03
2.321555422401431770e+03
2.234664317370703429e+03
2.294112214876051894e+03
2.318897380807122772e+03
2.398717579507238042e+03
2.314119159790666799e+03
2.236036337266765713e+03
2.351058793026116291e+03
2.247004459917176973e+03
2.294398377663726023e+03
2.063194224106285674e+03
2.313327519605440557e+03
2.276643172122655869e+03
2.303977079992981089e+03
2.212375300673547827e+03
2.252930862543625608e+03
2.261106180722797035e+03
2.313084478998530358e+03
2.301374599463179038e+03
2.302030484432936646e+03
2.025243984309854795e+03
2.313194080110888535e+03
1.390663146597973139e+02
1.172789932163638468e+03
2.428623912761172505e+03
2.270330605862231550e+03
2.331698494397207469e+03
2.289150771043915483e+03
2.318950133533463941e+03
-6.455609230676927268e+01
2.338088879265197647e+03
2.040653285137563444e+03
2.156688163717596581e+03
2.238958313399238250e+03
2.284317346918698604e+03
2.318454391642987048e+03
2.323010372625893069e+03
2.300042696242699094e+03
2.295898245448925081e+03
2.268853823270310386e+03
2.284928650071657103e+03
2.285719098558599853e+03
2.271299741214064852e+03
2.362906492024065301e+03
2.233387667322145717e+03
2.266068855420832278e+03
2.284335817502106693e+03
2.135826279319582682e+03
2.352872666148119151e+03
2.182539682968297711e+03
2.241116224376070932e+03
2.216231970905468188e+03
2.263707640226970398e+03
2.303569456278732559e+03
2.305922607655909360e+03
2.285795262191036272e+03
2.349000509179022174e+03
2.306002867102996788e+03
2.135561084551219210e+03
2.009054061334695689e+03
2.069445163220661470e+03
2.327716035638740777e+03
2.309429299060003359e+03
2.037578897803003429e+03
2.154314673853749809e+03
2.308963449801026400e+03
2.310371171203200902e+03
2.268804435573971205e+03
2.295343795318389311e+03
2.194670500043486300e+03
2.310667866749856330e+03
2.215116215648893558e+03
2.193438885864657550e+03
2.280997741638664593e+03
2.297082294273153821e+03
2.306420757023938677e+03
2.075785995632304548e+03
1.087238106715537469e+03
2.250249677506314129e+03
2.253673006450183038e+03
2.232514281527427556e+03
2.140487979895209719e+03
2.317566063948820556e+03
1.748763294374737143e+03
2.288198639726110287e+03
-2.318538107450376629e+02
2.300534096967823643e+03
3.825561181269274016e+02
2.368265503484158216e+03
1.120803018112048221e+03
2.090848957777428495e+03
2.307706056880250344e+03
2.323977365038277640e+03
2.302879056096387103e+03
-4.292517013919652982e+02
2.258414547134959776e+03
2.356912510762407692e+03
1.793838623050032766e+03
2.279146672338310509e+03
-3.574218672164485611e+02
2.231374981850580753e+03
-5.856772048935100656e+02
2.244587425899413120e+03
2.170289962875936453e+03
2.314681639490359430e+03
2.278365276103843826e+03
8.920616762848497956e+02
2.139229324901255950e+03
3.680808360444594740e+01
2.355487874615102555e+03
2.312868283400852761e+03
2.253336770686576529e+03
2.249287049508833206e+03
2.229938605360326619e+03
2.069507343562726419e+03
2.188622033832862144e+03
1.268871050968076133e+03
2.261015457441158560e+03
2.284967359933448733e+03
-2.696696452978050615e+02
2.222790686891969926e+03
2.316278674597788267e+03
2.233696631937110851e+03
-3.558611266826011388e+01
2.317260901584539170e+03
2.306040520230776565e+03
2.313425688258745595e+03
2.324531771733354617e+03
-5.643011636547446415e+02
2.264609212672158719e+03
2.271066042315543655e+03
2.090360405507542055e+03
2.272803754815498451e+03
2.251951992748920475e+03
-4.465204226577750433e+02
-1.495277034731750973e+03
2.280909720679715974e+03
-6.781318137140516455e+02
2.131355232956146665e+03
2.305648459807071049e+03
2.236183900652631564e+03
2.309930044622852620e+03
2.267579661993649097e+03
2.161073643667462420e+03
2.267881389433879121e+03
2.334238140719513467e+03
2.282815906203182749e+03
2.187883105885982786e+03
2.264504210313207750e+03
2.298301019345912664e+03
2.296449896848734170e+03
2.115274819882204156e+02
2.297643637452187249e+03
2.393369378622012391e+03
2.270069653827283219e+03
2.310046378558855849e+03
2.279325346282220835e+03
2.272484556126475582e+03
-9.080534149673158595e+01
2.227112159871707263e+03
2.225937694032449599e+03
2.291159598630130859e+03
2.299958243141898492e+03
2.294299981703687990e+03
2.089100435609494525e+03
2.256821527486597915e+03
2.283597274041996116e+03
2.318082274938608862e+03
2.307769465948684683e+03
2.197263101443591950e+03
2.199081493335297637e+03
2.122899095668386508e+03
-5.583450020997588581e+02
2.310488950470810778e+03
2.302517882546800593e+03
2.303271026924008311e+03
2.294147078020986555e+03
2.312349472547074129e+03
2.224953115861426795e+03
2.113234896120598023e+03
2.312869877331147563e+03
2.462338294697495712e+03
2.307432807482724456e+03
-2.662667293193448472e+02
2.254449257714355554e+03
2.306747725563942367e+03
2.268747343514999102e+03
2.271889195412193658e+03
1.312148729157851903e+03
2.274960883283585190e+03
2.236890895689449735e+03
-3.841768213610841372e+02
-4.601977932228700183e+02
2.317422683023437912e+03
1.942508244485154137e+03
2.246464799048865189e+03
2.266996530108300703e+03
2.338372966902791632e+03
2.287734319046693599e+03
2.315438209087366431e+03
-4.813193402268523755e+02
1.986002397106072067e+03
-1.727578876162430959e+02
2.312872487935983372e+03
2.270783368199131473e+03
2.309601488097433503e+03
2.297622432784833563e+03
1.989205847933278164e+03
2.393775364242249452e+03
1.929085244513278894e+03
-5.347230894258494800e+02
1.493993749817798516e+03
2.272458868143202380e+03
2.297411317788697488e+03
2.242390119170418529e+03
2.294389356894933826e+03
2.301412615786663537e+03
2.300559706104712859e+03
1.575030428483140440e+03
2.315574268364712680e+03
1.780989743697271024e+03
2.783624069992620775e+02
2.165019094041184871e+03
2.277765705241067735e+03
2.294551422761287995e+03
2.318507903759817054e+03
-1.201812586662054514e+02
2.273598842921785035e+03
2.177172720582861984e+03
2.234620430941340601e+03
2.313333838430969081e+03
2.246678076172859164e+03
2.268816584045830041e+03
2.324106864511569711e+03
2.245289211351368067e+03
-5.663119856436416057e+02
2.120371097063883099e+03
2.181263962720882319e+03
2.181759056711345693e+03
2.106837695737555350e+03
2.265342319380227309e+03
1.724093009799179526e+03
2.312042359801294424e+03
2.310796898324802896e+03
1.020760642378557918e+03
2.349188547598278092e+03
-5.107811146011206347e+02
2.320705469324504520e+03
2.432527384608828015e+03
2.233244332395124729e+03
-1.533087314290748964e+02
2.199606901119304439e+03
2.118483170737915771e+03
-1.952605741194962832e+02
2.297532518065434033e+03
2.239019274780685464e+03
2.312191083253997022e+03
2.297296732982344110e+03
2.190213044521164647e+03
1.169324610679723548e+02
2.430149138715532445e+03
-3.940720905254656259e+01
2.320427532343471739e+03
6.640971411261061803e+02
2.291828873235058381e+03
2.315854048371840690e+03
2.194668044689332874e+03
2.279139841201356830e+03
2.312829634001890554e+03
2.309677470596780040e+03
-3.910279054615665473e+02
2.223997118384690111e+03
2.269498467478395924e+03
2.293152982263160084e+03
2.339046990593485134e+03
2.256844288894406418e+03
2.315922749111766279e+03
2.496433066114090252e+03
2.284267875876396829e+03
2.256534586305913308e+03
2.320105280460380982e+03
2.295774731294890444e+03
-2.023961231172092994e+02
2.088211824250925474e+03
2.286845762780736550e+03
2.281818682690640344e+03
2.267338186661822419e+03
-3.957129065235108669e+02
2.152984347744561546e+03
2.220157854963073987e+03
9.913487388588396243e+02
6.478665670268742360e+02
2.311158905514532307e+03
2.012066545775853683e+03
2.226572082111697000e+03
2.484396174193074785e+03
2.293835319614185210e+03
2.310701556305405575e+03
2.278233242191125555e+03
7.044103237130859725e+02
2.087094182957945577e+03
2.288197060955553752e+03
2.334032863875430394e+03
2.331810574007255127e+03
1.670040607626792962e+03
2.220542169310388545e+03
2.062487340182449316e+03
2.194057524296309111e+03
2.286076513710900599e+03
2.210662575917396680e+03
-2.893145058880703004e+02
2.300696752037659280e+03
2.354420545069576747e+03
2.279958293945349396e+03
2.283368243501532561e+03
2.314912454974934008e+03
2.200613432179169649e+03
2.326263931056533693e+03
-1.163783124268980202e+02
-6.308825642024465878e+02
2.314777249344216216e+03
2.322651995395844096e+03
-9.335372387060402843e+02
-4.856839037947932525e+02
2.255667261067398158e+03
-1.025200022747227706e+02
2.272383265721804037e+03
-5.016715456285614323e+02
2.281683981765083445e+03
-1.208564422269761849e+02
2.388589506129324036e+03
2.255144504048113959e+03
2.189682514692638506e+03
-5.541514021990921037e+02
2.001197110868784421e+03
2.278344081599406763e+03
2.270246959163934662e+03
2.035967362343417562e+03
-2.155514044923469896e+02
2.294536517411608202e+03
2.338820637184503084e+03
2.442734856125041006e+03
2.307774069794490060e+03
-7.429991255140370185e+02
2.296181713356499131e+03
-1.177251118609280098e+02
2.156523809473659639e+03
1.415046502891653688e+02
2.247441079384068416e+03
2.301318101833586297e+03
2.294293023410109527e+03
2.154635827604814040e+03
2.316535386570600622e+03
2.303381093535199398e+03
2.209230081138179230e+03
2.291519590318779592e+03
2.286309355990189943e+03
2.296004319569222844e+03
2.327770833343981394e+03
2.311132502773793476e+03
1.853554835322864392e+03
2.270920163605224843e+03
2.330321343489302308e+03
2.331245745316231478e+03
2.318081724131333431e+03
2.316991799289936012e+02
2.174469673027851968e+03
2.292735166449821918e+03
2.270620592066838071e+03
2.254582562585418145e+03
2.167880847676784470e+03
2.209600334513706002e+03
2.291617984168878138e+03
2.436665454386024066e+03
-9.653359341349897704e+01
1.880179525820894924e+03
2.293709889672471490e+03
2.269846961981266759e+03
2.560477054350247954e+02
2.256388639519750541e+03
2.282245227009242171e+03
2.152093406618825611e+03
2.247897740457200598e+03
2.335204350186821557e+03
2.225544487996240605e+03
2.199412988945354300e+03
2.247159137430680858e+03
2.405349920586392727e+03
5.004359259180403683e+02
2.125695407109597909e+03
2.300579294020687485e+03
2.248692336703807086e+03
2.018635529729193422e+03
-5.905594375890443644e+02
2.277082772631961234e+03
2.284759181579491269e+03
2.307493824845253130e+03
2.287582223849408365e+03
2.305312490665088262e+03
2.291673742549402505e+03
-5.880448757078828521e+02
2.264945483914873421e+03
2.261610676258712374e+03
2.290368087897312762e+03
1.681847647357124913e+02
2.303152211682420784e+03
2.317870797629924255e+03
-5.457909122498823535e+02
2.232856336684617872e+03
2.155019378698077617e+03
2.158617002532071638e+03
1.642454472456005021e+02
2.297319446487936148e+03
1.965404523931061931e+02
2.306698499572307810e+03
2.246074132105647095e+03
2.109606604200787388e+03
2.134719440692327225e+03
2.014019272558128932e+02
2.275281724504033264e+03
1.831087505987400391e+03
2.243055413718472664e+03
2.262917389598447244e+03
2.276444775662938810e+03
2.282029652850954790e+03
2.276955000767989077e+03
2.323801644413301233e+02
2.234485982033360415e+03
-4.762876758649888984e+02
2.303967832373141846e+03
2.338088821661380280e+03
2.260105514935829888e+03
2.033030435350825883e+03
2.163337019172278815e+03
2.316712541924513971e+03
9.101817934471925753e+01
2.277164583002163454e+03
2.310531778188887984e+03
2.026307557464313277e+03
2.308456904682484947e+03
2.244105221301139863e+03
2.177096496454596945e+03
2.325638257674121178e+03
2.172629145941849401e+03
2.000300600302680095e+03
2.298806258460782828e+03
1.894054786988141132e+03
2.209277376950638427e+03
2.324080636112096727e+03
2.268773573126812153e+03
2.319786934902713256e+03
2.193572940465429383e+03
2.126626052500004789e+03
2.326572290297527616e+03
2.296101299382202342e+03
2.272852593866039570e+03
2.002437644864164213e+03
2.309510420234934827e+03
-2.652300566233005270e+02
2.379672838995267739e+03
2.268366193821858360e+03
2.148806548820482021e+03
2.103819958831627446e+03
2.267043109460174492e+03
2.365433628261991544e+03
2.294610975966635124e+03
2.262745398888328964e+03
1.957846477639552631e+03
2.066133654930066314e+03
2.385690645361542465e+03
2.299841069591664564e+03
-4.573237766458792635e+02
2.314614429578042291e+03
-4.501205348946506888e+02
2.289555342557992844e+03
2.309403571265898790e+03
2.298843444096907206e+03
2.216655152654976973e+03
2.283805675780510228e+03
2.328992901558603535e+03
2.255483367165617892e+03
-3.797505634650418074e+02
2.307952461332557505e+03
2.309507948610097628e+03
1.821592515693029782e+03
2.322436578789019222e+03
2.263487849315150015e+03
2.297308709555275982e+03
2.191661149121268863e+03
4.617699160202037945e+01
2.229795388200077468e+03
-3.162420616270583196e+02
2.314769840814010422e+03
2.262884905231822358e+03
-3.799817589457007898e+02
6.128653294522977149e+02
2.228868827309084281e+03
2.338416069533814607e+03
1.970555596668375074e+03
2.071557393259494347e+03
2.199196627832410286e+03
2.300511972017091921e+03
2.154690506656789694e+03
-2.607494696566473067e+02
1.971664021490255209e+03
2.319433553487519475e+03
2.269677835472445167e+03
-6.151701974245117981e+02
2.380861695543478618e+03
2.326187901106765366e+03
2.320366705025088777e+03
2.306825517226431657e+03
-7.164411118974512647e+02
2.316738027969259747e+03
2.263671619410893072e+03
1.152189929643285069e+02
2.279302545554982316e+03
2.175467915052772241e+03
2.339391822302004584e+03
2.299988470265697742e+03
2.279726211945663181e+03
1.537815307538628304e+03
2.198846490494713180e+03
2.322238217879453259e+03
2.264651763314527670e+03
2.297250730654627660e+03
1.030376001233096076e+03
2.257288127219224407e+03
4.822942879054656942e+02
2.259230677189855214e+03
2.291851638115755577e+03
2.163887515645490112e+03
2.349816253095699267e+03
2.326222413255266019e+03
2.141363423009730013e+03
2.298942156935708681e+03
2.285407779421556825e+03
2.265294838631036328e+03
-5.893197157815970968e+02
2.237801903578315887e+03
-5.885439725424484436e+01
1.908815162919516752e+03
2.141822407976181694e+03
2.289305413772010979e+03
2.307626838686959672e+03
2.235893701281841913e+03
2.259461688458734898e+03
1.983707341598868652e+03
2.243341188164040432e+03
2.270249602552074521e+03
2.233251894323897886e+03
2.304196060665341520e+03
2.136300463012627915e+03
2.249058759460705005e+03
2.337207712782105773e+03
2.319444204569545491e+03
2.040484227874873341e+03
2.318761668587213990e+03
2.275384408730090399e+03
2.277110099177553366e+03
2.294717282349214202e+03
-1.089502234829326142e+02
2.132460071264789349e+03
2.292843909280424668e+03
2.291296210795176194e+03
-6.715530930485432464e+02
1.977178093833946605e+03
2.271796441749927453e+03
2.527754602487059117e+02
2.134537475821063254e+03
2.267013547055805702e+03
2.004012743542640237e+03
2.268508394038609367e+03
-1.733999756962062690e+02
-4.913514658550343484e+02
2.262839781560151096e+03
2.320285798343135866e+03
2.269279367618159995e+03
2.266800298149781156e+03
2.311511443487692304e+03
-4.566472316172864794e+02
2.229634956029603018e+03
-4.097776649304221337e+02
2.309644107484170945e+03
2.321337765996066992e+03
2.223900161008902160e+03
2.202967667017665008e+03
2.121032174849970488e+03
-1.528077580126215764e+02
-2.345774903448218822e+02
2.266124942071246551e+03
2.335059236963922558e+03
-3.377861810843024841e+02
2.206653822129559558e+03
2.275517794064020109e+03
-1.745616185840655703e+02
2.182009528647479783e+03
2.161861406499709119e+03
1.183541374053039590e+03
1.863975743653227710e+03
2.316020177060732749e+03
2.225117619896351698e+03
-5.943312563691800960e+02
1.848767951088874725e+03
-5.387498373550890847e+02
2.130038152314976287e+03
2.330007003139529843e+03
2.277390223047727432e+03
6.475205364255250515e+02
2.294744297126087076e+03
2.343549185905377215e+02
2.187746153646851326e+03
2.306223850568148009e+03
-2.223713012203453161e+02
-5.437906188350041248e+00
1.889986688986281479e+03
-4.723859726306324092e+01
2.285771584819530290e+03
2.294299001128792497e+03
2.275415174601099807e+03
2.284881908975737588e+03
2.308626259233898509e+03
1.651704271194345708e+01
1.913207559746114612e+03
2.358012386743020670e+03
2.263472835907999979e+03
2.313925236322822457e+03
2.280748552994618876e+03
2.337025904398174134e+03
2.384105701060777847e+03
2.283793914931308336e+03
2.309786016578052568e+03
2.311100297662254434e+03
-3.931959094190352744e+02
-2.972123801187188263e+01
2.320595156731212228e+03
2.268750362505171779e+03
2.306865713182855870e+03
1.171909510718068532e+03
2.259332148860018606e+03
-1.702601906970392065e+03
2.250727584167310852e+03
-4.999967489758709576e+02
2.127996809438719538e+03
2.320724447622464595e+03
2.123411968405837342e+03
2.289595481717473831e+03
-3.110032183138170012e+02
2.151003285974415121e+03
-1.463131634292618060e+02
2.128736908337107707e+03
2.179778297432500949e+03
1.871261171899083820e+03
1.820791284594451099e+03
2.269580770909775765e+03
2.236222510058946682e+03
2.333309109176309903e+03
2.118470098089861949e+03
2.321955491471879213e+03
2.278046362883063921e+03
1.741304896502072097e+02
2.305343332998760161e+03
2.246509716108377688e+03
2.295816220679330854e+03
2.311796016006565424e+03
8.052608647435044986e+02
2.270497504794017914e+03
5.750780676402580411e+02
2.321603711908434889e+03
1.901238654039222183e+03
2.325521631544323554e+03
2.286425103423073779e+03
2.149891361301615689e+03
7.075676749441956872e+02
2.275679491018682711e+03
2.312464507587821117e+03
1.425528967479554467e+03
2.923615486206367677e+02
2.277100631462026286e+03
-5.779843893006483313e+02
2.193640095745786766e+03
-5.345009831101892814e+02
2.237997855620429164e+03
2.325609095759483807e+03
2.325725634078753956e+03
-4.145441542232770189e+02
2.081569851920493875e+03
2.286183879840966256e+03
2.323620970923885579e+03
2.248248342193646749e+03
2.273746400754696424e+03
2.291457321567178042e+03
2.272179505786058598e+03
2.305584762157778641e+03
2.282261807058060185e+03
2.225693380485671241e+03
2.332864420927212734e+02
2.327295271307349594e+03
2.235403727082649311e+03
2.297489532372013400e+03
-4.378155244248742974e+02
6.280577249946643406e+02
2.271574454184312344e+03
2.318777594908232913e+03
1.878865391402536488e+03
2.216636236447001920e+03
2.356692279721398791e+03
2.309307783480907347e+03
2.315757457254635028e+03
-1.623652916305607334e+02
2.300410926086659856e+03
2.261734907921108061e+03
2.249616408136606879e+03
2.310309477653929207e+03
2.226013279997829613e+03
2.233175769470532032e+03
2.306857914393031024e+03
2.306435504526468321e+03
2.137880484094448548e+03
2.289631855149216335e+03
2.178576848765840623e+03
2.251884172613438295e+03
2.273362477668549673e+03
-2.404410002858475934e+02
2.358723680534241794e+03
2.216072857286809267e+03
2.254014759256071557e+03
-7.076810281519951218e+01
2.246912792377504502e+03
2.151533342319441545e+03
1.977433322980266666e+03
2.184963401022749167e+03
2.184559670282121260e+03
-3.143491047252659243e+01
2.324310418223203214e+03
