0.000000000000000000e+00
1.812811413061762323e+03
1.726268762803933896e+03
-2.116537176402851401e+03
-8.099704870199633433e+02
-1.160166245762819699e+03
-1.529652040620682556e+03
-1.571618465448023699e+03
-1.868655188004994216e+03
-1.659780597121515711e+03
-1.830084424211672967e+03
-1.597198071043746495e+03
-1.634839298565461377e+03
-1.520137009746855938e+03
-1.847110929299382406e+03
-1.571912483311183905e+03
-1.742375219687846084e+03
-1.460501725363136302e+03
-2.221631886776457577e+03
-1.662661264706249767e+03
-1.165044620209662980e+03
-1.850493524460332992e+03
-1.181351313211659999e+03
1.964119260021851460e+03
1.862531470648822051e+03
2.299118805123021048e+03
1.706309850665057411e+03
-4.200251715057717661e+02
8.026254395840225015e+02
-1.267594104741558567e+03
-6.828191627370042625e+02
-1.780568095670662387e+02
6.254170712587520029e+02
-1.186267851437628678e+03
2.112774942379348886e+03
-3.760851855240612736e+02
1.913279750130802540e+03
1.942226318895713803e+03
1.990990380450242810e+03
1.988777321116883286e+03
1.909931782506419495e+03
1.956445821679948949e+03
8.501674378731775050e+02
1.976764955498557356e+03
2.032220447400206467e+03
1.871153446228491703e+03
2.303992138946654904e+03
1.914201562171205978e+03
2.246957595854050396e+03
2.024198317835102216e+03
1.881679944117970763e+03
1.870101048255099840e+03
2.047726652026463853e+03
1.912842899639294501e+03
1.986377096200411415e+03
1.826422439092214063e+03
2.049977900188812782e+03
2.266900182479138948e+03
2.257690346606153071e+03
1.740277122036074616e+03
1.740872312976380726e+03
2.164591677929749949e+03
1.817351812917501547e+03
2.000647762150287235e+03
2.324276983625009052e+03
2.190531040255556036e+03
7.491446849732818691e+01
1.935063586764381625e+03
1.947863961286230278e+03
2.206809269152940033e+03
1.730076667173641226e+03
2.005347236782215077e+03
1.785217767062506027e+03
1.816995582033594928e+03
2.107158851997966849e+03
2.308559713085576732e+03
2.232995619961172451e+03
2.281297970505894227e+03
7.111407713225221414e+02
1.860253833285557903e+03
2.098851998510855537e+03
1.581063600913045093e+03
2.287726563238925337e+03
1.911803297062209140e+03
2.146309640322979249e+03
1.904236194972140993e+03
1.754929686164714894e+03
2.315640776701628056e+03
1.778296413572847996e+03
1.912728328746873103e+03
2.202912738218648428e+03
2.300036178352142997e+03
2.115743859600640917e+03
1.874218795009938276e+03
1.783824396183740646e+03
-8.352147459049825784e+02
1.993381031747940597e+03
1.892074273926258229e+03
-5.812160404132348503e+02
1.887645697638166212e+03
2.311844912592836863e+03
2.310667619769901648e+03
2.263879914142746202e+03
2.361389874400964345e+03
2.086946877916065205e+03
2.095401249352788909e+03
2.321039563748858654e+03
2.145066948863373000e+03
1.828093099687119775e+03
2.320073737266937314e+03
2.327742454668746632e+03
1.871164586684680444e+03
1.847306646748352250e+03
2.129550062124535089e+03
2.326131646911490861e+03
2.295654824457037193e+03
1.731129690495518389e+03
-3.098369792211386198e+02
2.025893626954081810e+03
2.025947780373300702e+03
2.116301761898424957e+03
2.188890382193057576e+03
2.278592601943139016e+03
1.960905037165206068e+03
2.286619245869224414e+03
1.972810341878318013e+03
2.218070140654469924e+03
1.758174653590073149e+03
2.320265956268768605e+03
2.186182204987782370e+03
2.272943980025274868e+03
2.033359422654947593e+03
1.840103872776697244e+03
1.968000174902519120e+03
2.273841766140481013e+03
1.938683078051954453e+03
2.296897404968460705e+03
2.026898112274894629e+03
1.847659044698213620e+03
2.347565752177862123e+03
1.820363264671025263e+03
2.046895628614962789e+03
1.987265930388045717e+03
2.355970119333470393e+03
1.767842045128720201e+03
2.017414288497977850e+03
1.709415953902166848e+03
1.763584945303234690e+03
2.234018344475958656e+03
1.986494242751034108e+03
2.275504200191844120e+03
2.274810147359761686e+03
2.108343842857481377e+03
2.025925986437291385e+03
2.004961468236968813e+03
2.064840059099624341e+03
2.341363062971358431e+03
2.104668703492150598e+03
2.013111765541298837e+03
2.182905532209762896e+03
2.038793836806608851e+03
2.256709876855607035e+03
1.849108595831502498e+03
2.270559434870580844e+03
2.112145679757408743e+03
1.917700130794378765e+03
2.057160808808721413e+03
2.119456324318926818e+03
2.150745059324411159e+03
2.032107820638379962e+03
2.208822805110012268e+03
2.321029085099430631e+03
2.090658519811057431e+03
1.974989900724800464e+03
2.064559961930736790e+03
2.310566136002937583e+03
2.132085567502980666e+03
1.718833672728101646e+03
1.859584785074112006e+03
1.670672374901996136e+03
2.354757788825101215e+03
2.258543127698369062e+03
1.849434453604422743e+03
9.385976290320928683e+02
2.178423001080052927e+03
2.038882820516023003e+03
1.983957396438689557e+03
2.175406076660043709e+03
1.725200700067266325e+03
2.010239480914130809e+03
2.297876601941272384e+03
2.066720556746075545e+03
2.061575186412054791e+03
1.949556233374830981e+03
1.781236160639939499e+03
2.084585833105555139e+03
1.614464857869500975e+03
2.295095529369470569e+03
2.306592423962147222e+03
1.883154238284630992e+03
1.785562650788954670e+03
2.262525955380524465e+03
2.006750401974319175e+03
1.785743120575071089e+03
1.611588890547846177e+03
1.839433725102953304e+03
2.040313116880391590e+03
1.986208532307820406e+03
1.721183524080234292e+03
2.321237234993142920e+03
2.112384559411102600e+03
2.152985139807673477e+03
1.803355302371058769e+03
2.249723270466213307e+03
2.261936252817366949e+03
-1.109972824347865128e+02
2.252470040430754580e+03
1.834073339334095408e+03
1.797992641845078424e+03
1.998877163735238810e+03
1.845970735069846342e+03
2.019513141424936975e+03
1.860619060241450370e+03
2.008552971256834098e+03
1.865854496580459454e+03
1.796566383501834480e+03
2.272676044749861830e+03
1.976174124444351037e+03
1.918766724083403233e+03
2.311140926175923596e+03
2.225517311290823727e+03
-6.461166819120583114e+02
2.226725109574392718e+03
2.317717612243230178e+03
2.085351182544678977e+03
2.098468376301348599e+03
1.830196302750528048e+03
2.283907098589368616e+03
2.239064835007523016e+03
2.187152656383784233e+03
1.933077161670908936e+03
1.730213857959968664e+03
1.890408064058111449e+03
1.970221302724251018e+03
1.807315747106730669e+03
1.865557307297903662e+03
-7.065332377929656786e+02
2.299654701572061640e+03
8.655626479053710227e+02
1.993107630591721772e+03
1.989996902076169135e+03
2.207258695781557890e+03
2.071232718508844755e+03
7.376495499756954359e+02
1.948894107664715648e+03
1.936888612536213714e+03
2.004639407895103432e+03
1.864358929927921963e+03
1.764251527615991790e+03
2.051829491750835132e+03
2.169462887332281753e+03
1.863460353294032075e+03
1.869917998146044283e+03
1.697631545369040623e+03
2.420150558056395312e+03
2.162952649497049151e+03
1.952425686637664512e+03
2.035500940689520121e+03
2.270778517646922410e+03
2.060891195480198348e+03
1.858128010936909504e+03
1.894249939864146882e+03
2.307785781288918315e+03
2.175516882876113868e+03
1.979809699056459522e+03
1.670225056183264087e+03
1.814259189448319148e+03
1.765250985415947071e+03
2.020168787944720862e+03
1.848937750974224627e+03
1.655595634575150598e+03
2.154229024008234319e+03
2.206528751988241766e+03
-8.248426720618715535e+02
1.823785832256542790e+03
1.966324060329572603e+03
2.309556124576608909e+03
1.944726479077431122e+03
2.147821066170448830e+03
-2.276555751009504647e+01
1.988562967748617439e+03
1.912367736250673715e+03
1.890094097779070580e+03
1.758467255101133333e+03
2.345542988462630092e+03
2.028801222130891119e+03
1.585041390041573777e+03
1.921170688160324062e+03
3.823874928850149786e+02
1.915538912078875683e+03
2.005422600179565961e+03
2.019341655625501517e+03
1.888689920586461312e+03
1.954304398627949467e+03
1.542841940255236068e+03
2.301861696211845810e+03
1.900023696497164792e+03
2.247219429922619383e+03
1.855578277618413267e+03
1.876176443768453282e+03
2.215849796105422683e+03
2.210107032767098644e+03
2.321647898154497398e+03
1.290336007649530302e+03
2.257787988213357494e+03
2.203715920553730939e+03
2.284167206328317661e+03
2.301716620852738743e+03
1.255449314263610631e+03
1.659053438074529140e+03
1.943542458934694650e+03
2.134888741447203302e+03
2.061121282171755411e+03
2.289007688507902913e+03
1.927923986014799993e+03
2.113968432149909404e+03
2.052874086469645590e+03
2.023606673272069656e+03
1.604565553280859376e+03
2.188984025493766239e+03
1.904086225997331439e+03
2.334587708362632839e+03
2.021481414325092373e+03
2.237577459459908823e+03
1.861870695437673476e+03
2.140039532885240078e+03
1.992929343819747828e+03
2.227313476468000772e+03
1.894915021958053330e+03
1.918453889821495295e+03
2.170983098898113440e+03
2.315970242450288424e+03
1.762742820387700704e+03
2.301733067615848995e+03
1.544110794040554993e+03
1.960947733165571890e+03
1.993944645214827005e+03
2.319454723583358827e+03
2.313690178837330677e+03
1.903260105742033829e+03
2.054377566132082393e+03
1.977643699502940308e+03
2.257956700178739084e+03
1.864017850681774007e+03
2.139934898020082983e+03
1.877771720178800024e+03
1.793414263311218974e+03
2.233202292715772273e+03
1.770039057143379068e+03
2.133320034850856246e+03
1.798157912252322149e+03
1.609677320565549962e+03
1.947022225265412089e+03
2.124181571552960122e+03
2.213479437529572351e+03
1.712441006323337206e+03
1.966354467949621267e+03
2.034267041595429646e+03
1.967630509341948709e+03
2.317822922988935716e+03
2.246550433798294762e+03
1.842195588284762607e+03
2.322453649139653862e+03
2.291943759781289828e+03
2.216778680680450634e+03
1.938658570870693893e+03
2.213499196819931512e+03
2.004146476633015027e+03
1.929225550941439451e+03
1.968163296137051930e+03
2.314586681816772852e+03
2.304484342197045407e+03
2.084841381515941066e+03
2.325858222532891887e+03
1.864741510337403724e+03
2.115493293399148570e+03
2.250288895745488389e+03
2.018035371293261733e+03
1.996322330200921442e+03
2.208299298911470942e+03
2.290594052876444039e+03
1.883909340241871860e+03
1.968979039059773186e+03
1.994714620305619974e+03
2.147207824098779383e+03
2.118624515642958613e+03
2.215972721966571953e+03
2.004303146761075823e+03
1.802203381593151335e+03
2.090643044567837023e+03
-6.659414276599793538e+02
2.109488840681037800e+03
2.458696175897281591e+03
-6.497935980512568221e+02
2.156930328273391751e+03
2.164188699813495077e+03
-5.155185346958331820e+02
2.182085169486137602e+03
1.899329741757444026e+03
1.986351953567211694e+03
2.311300310570783040e+03
2.255113695548417127e+03
2.264482574377040692e+03
1.877421334857319607e+03
2.266902831469937155e+03
2.290844453407158198e+03
2.306904838864316389e+03
2.254794235521933842e+03
2.025181275637002500e+03
2.177144443984819645e+03
6.129939822094005422e+02
2.199851866514883113e+03
1.663467236868239524e+03
2.095382100669516603e+03
2.090900784621005641e+03
2.047839498358880292e+03
2.199485244083283760e+03
2.206429137843021635e+03
2.178688596959815641e+03
2.284443015762063624e+03
1.851222556975480074e+03
1.783582188923461899e+03
1.766250390468008391e+03
1.889928284743155928e+03
2.166135355241151501e+03
1.949668847877159806e+03
1.919427391350531252e+03
1.694374436332504501e+03
1.685669481273074553e+03
2.025713807016039482e+03
1.842524934558365203e+03
2.314043366205360144e+03
1.998588743253932989e+03
2.237473139662279209e+03
1.917444091532200673e+03
1.747607209949940852e+03
1.860963999967845211e+03
2.196316493676170921e+03
2.248159200397059521e+03
2.088420375084842817e+03
2.137572666766375733e+03
2.191756591394156203e+03
2.316010290154707945e+03
2.067576238073813329e+03
1.917669796995719480e+03
2.135183764633909050e+03
2.260362703678528305e+03
2.175955949497039001e+03
1.996572608825292264e+03
2.119673247285898469e+03
2.272496305673670577e+03
2.158741400274616808e+03
2.163996974694907294e+03
2.278140459220443972e+03
2.061821941312552099e+03
1.854496083908043602e+03
1.938045881777523164e+03
1.761285591228967178e+03
2.174089522716527881e+03
1.673586332964776602e+03
2.001660229460901064e+03
1.660146869187074117e+03
1.991520072437371027e+03
2.074518644669366040e+03
1.958319275392928375e+03
2.223173574231843304e+03
1.846318507974551267e+03
1.902776348481977038e+03
1.964422960258522380e+03
1.877433660423829224e+03
2.212275866216064514e+03
2.031189518050372499e+03
2.257700381362451481e+03
2.147093222652751138e+03
2.059131115561666775e+03
2.337924283266140264e+03
1.730338708438122467e+03
2.082934164176504964e+03
2.029171594253883995e+03
2.154495142893500997e+03
1.930833621039468881e+03
2.303426899500183481e+03
1.573222958843465904e+03
2.099861496579232153e+03
2.117879341392605966e+03
2.243383880110763130e+03
1.921747984200187148e+03
2.128823069280873824e+03
1.862901486702656939e+03
2.354484918671608739e+03
2.188367665158573800e+03
1.915307700251144524e+03
2.013179269839452900e+03
2.114899224919896369e+03
2.260409525854662661e+03
1.861151700531324423e+03
2.192758281731746138e+03
2.294050121245763421e+03
-2.938728102318922879e+02
2.015435896267178805e+03
2.137146534863339184e+03
1.949759447515929878e+03
2.184927655521099041e+03
2.316208681256955060e+03
2.284377432027940813e+03
2.197816556585563376e+03
2.132096889330029626e+03
2.024936823622879274e+03
2.321323363404041629e+03
1.954191739844354743e+03
2.306889891453881773e+03
1.871620189780091550e+03
1.711285108662153107e+03
1.149729233136134553e+03
2.226270092125478641e+03
2.025382381748883745e+03
1.665157566975362215e+03
2.303549323793596614e+03
2.284013152280331269e+03
2.289492975991856838e+03
2.282624959169439080e+03
2.112772227978922729e+03
2.250950025973681022e+03
1.942234149999023884e+03
2.178784256651328633e+03
1.713388227427116817e+03
1.986409160914041195e+03
2.245024719670770992e+03
2.065612072393169910e+03
2.026108477993244378e+03
1.980071766194631437e+03
2.034761553011797787e+03
1.963655875625321187e+03
1.780324055610850792e+03
1.894475911034317960e+03
2.029385356846368495e+03
2.301952528892591545e+03
2.290316541186760787e+03
2.205072426975953476e+03
1.719929501377869656e+03
2.036241283879291132e+03
1.950382554305977919e+03
2.317575124128719835e+03
-6.812699210791597579e+02
2.114998673397898528e+03
2.141405370539536761e+03
2.056177900169173427e+03
1.854798018539964687e+03
1.994398308138438551e+03
2.343487832388637798e+03
1.982101305366275938e+03
1.974871425569765506e+03
1.913609012605911403e+03
2.233576659419708449e+03
2.048100080601340778e+03
-7.686934661949943575e+02
1.799298975345254803e+03
1.885669402202187712e+03
2.228800222571162521e+03
2.306371476258152143e+03
1.742661507429333142e+03
1.788188901631815952e+03
2.034500942237191339e+03
1.985116764114608486e+03
1.939623961429729206e+03
2.116749279649592154e+03
2.100588150657883943e+03
1.794038162916273450e+03
1.937974036508932841e+03
2.282204413166376071e+03
2.225380626689314340e+03
2.142353819558906252e+03
1.860700079840049511e+03
2.149643980957401254e+03
2.020002157896252129e+03
2.239580203035076920e+03
2.225374790397333072e+03
2.321861448755634228e+03
2.283235650869159599e+03
1.876464006947516509e+03
1.908751541796269066e+03
2.029989984167980992e+03
2.282576716332817341e+03
1.797756090603860230e+03
2.196256409594061097e+03
1.940832009213328092e+03
2.282235592679099682e+03
2.020424998987368326e+03
-8.016818431546683996e+02
1.835182406533148196e+03
1.840841105087940377e+03
1.890077490539835253e+03
2.389985087436686626e+03
2.033663655629384266e+03
2.082606862780107804e+03
1.647222582329066427e+03
1.599236015506770627e+03
2.369419573048658094e+03
2.218107824821795020e+03
1.822459851897390536e+03
1.726983429160204651e+03
2.264530857934260894e+03
2.186824387448285961e+03
2.175470793524542387e+03
2.276304614523479813e+03
2.306808651463359183e+03
1.813995087346818309e+03
2.200992036678308978e+03
1.722611925025035816e+03
2.056193603712567892e+03
2.293348982206169239e+03
2.172211519438719733e+03
1.798423161181142405e+03
2.078009423809312466e+03
1.872011770726043324e+03
2.283954908277360573e+03
2.184733581057863830e+03
2.257271967147150917e+03
2.191935077603679019e+03
2.296624031832083801e+03
2.307772076001090682e+03
1.982478920997399200e+03
1.901621175596381590e+03
1.694781358106613652e+03
2.254241176712218021e+03
2.293982826564169045e+03
1.937355220096261519e+03
1.822968743483719891e+03
2.134364878495536232e+03
2.012464261822385879e+03
1.705275448215231336e+03
-6.304782278904873465e+02
2.215417206266493849e+03
2.086992914527763787e+03
1.841915211147001855e+03
2.088802903818155755e+03
1.922556687607663662e+03
1.893561682542822382e+03
2.203745030839952051e+03
1.933826156420185725e+03
2.012380434522516225e+03
-1.041699084972435401e+02
2.248778218970853686e+03
1.744168282183088195e+03
1.578339466515934873e+03
1.925946524039470887e+03
2.007768192270154714e+03
2.307261161955918396e+03
2.218087241066624301e+03
2.180092433143056951e+03
2.131589214336089753e+03
2.050460957972081815e+03
1.932528002813675357e+03
1.621424506232297972e+03
-5.063057201921669730e+02
2.178288851851267282e+03
1.949621285615195120e+03
1.899573877512721765e+03
1.997060699332364493e+03
1.675861291345796872e+03
2.094245723171221016e+03
2.363224794635977105e+03
2.404563023134308878e+03
1.841326704385719040e+03
1.957577897140195091e+03
1.861357642034931359e+03
1.941313247163647702e+03
1.949414048225014994e+03
1.872705719607169613e+03
2.053281875869316082e+03
-5.581139514012446625e+02
1.851775724215281116e+03
1.819702037714901508e+03
2.048361872305772067e+03
1.942400450254150428e+03
2.166616320973157144e+03
1.966534198341624688e+03
2.171312840175530255e+03
2.210336228230545203e+03
2.181197732997565709e+03
2.274281934225701661e+03
1.796773498060789734e+03
2.028823630418547964e+03
2.084306256325325194e+03
2.131246348998559370e+03
1.742121765544308573e+03
1.820539708647668249e+03
1.665901569201732400e+03
2.131964062844589989e+03
2.254949868674824302e+03
1.801915204994810210e+03
2.332750623334027296e+03
1.661421447182462089e+03
1.955054196180087274e+03
1.788082592470541385e+03
1.809824201162919962e+03
1.975006818870528150e+03
1.900212285382842765e+03
2.249799049824277063e+03
2.054593357791734434e+03
2.138599241972070558e+03
2.090511209010005587e+03
2.039914805967775919e+03
2.037360899313295249e+03
1.715442457570542501e+03
1.789312019246463933e+03
1.677898268507866760e+03
1.841668610584268663e+03
-6.532159211369087188e+02
1.900149881343057132e+03
1.858302297871804967e+03
-1.974205432911319065e+02
2.149540898901129367e+03
2.153581989827924644e+03
2.092812073117281670e+03
2.016340889564610961e+03
1.931233797063102429e+03
1.863780369902792927e+03
2.206074847455227427e+03
2.150249022070644969e+03
2.041628373173870841e+03
2.220091744420475152e+03
2.022467941325499396e+03
1.868457069922193114e+03
2.289023038375264150e+03
2.243192071519721594e+03
2.087470648448574593e+03
2.170165348616542360e+03
1.937282892898906539e+03
2.188089815920030560e+03
6.663468901933964617e+01
2.273855044122669369e+03
2.312065570730534091e+03
2.134476306027506325e+03
2.067529298054698756e+03
2.090873168593450373e+03
2.249952498731662217e+03
2.314803070825323630e+03
1.764331578033562437e+03
1.823606954429923462e+03
1.936794767512997169e+03
2.134702223568163390e+03
2.337465384168190212e+03
2.343431408645288684e+03
2.100894435797617007e+03
1.958237174720452913e+03
2.275754015564009023e+03
2.100403749086365679e+03
1.830980769596371829e+03
2.057443814094942809e+03
2.185411838407042524e+03
2.278905202966202523e+03
2.083232660453344579e+03
1.694446670054888955e+03
2.293185524401364091e+03
2.065444968130781945e+03
2.247349265116807601e+03
2.035016320253184858e+03
2.089947899495584807e+03
1.925056829453837054e+03
2.079683777950941021e+03
2.028625791160762674e+03
1.773635430864479758e+03
2.292812146200969892e+03
1.872656022063035380e+03
2.037130873869555671e+03
1.891133440422056537e+03
1.623456801460517454e+03
2.122455560928751311e+03
2.082939668919517317e+03
2.274248635298597492e+03
1.980437846911453335e+03
1.820637290549052068e+03
2.253662694070707403e+03
1.931538797316066393e+03
2.015040661642092118e+03
1.751984739803884167e+03
1.832980896214332006e+03
2.304686751177805945e+03
2.070938283837569543e+03
2.172128071877538332e+03
2.088523989870903279e+03
2.154739190026115466e+03
2.083110525426645836e+03
1.692355143354821166e+03
2.234854870734534416e+03
2.355601042502661585e+03
2.037753514634732710e+03
2.132200518398137319e+03
1.854395926838232754e+03
2.325913823165913527e+03
