0.000000000000000000e+00
2.288168206593668401e+03
2.151605876917326441e+03
1.637169613428426146e+03
-1.781874039599825437e+03
-1.582366158842385175e+03
-1.571632770625487183e+03
-1.750506430440880649e+03
-7.772139342008219955e+02
1.391541893540008630e+02
-4.573284087910834614e+02
-1.218475392110078701e+03
-1.791613200051922377e+02
2.011420071703692884e+03
-4.130208269167271737e+02
-4.833000699191935610e+02
2.184113960567996855e+03
2.302714838327022335e+03
2.593075792286556691e+01
-3.788437197785444255e+02
2.298517584217500371e+03
1.602340162177215234e+03
-2.246582459756280628e+02
-7.908380041383451271e+02
1.901997780584783413e+03
-7.544998217006443610e+02
2.054917229615309225e+03
-8.936658069050564563e+02
1.945757632479329914e+03
-6.530421560120062168e+02
-9.145748776814061785e+02
-9.078488545859396481e+02
-1.048635127661560773e+03
-7.888328647212417764e+02
1.855884717681101847e+03
2.237049215725780414e+03
-8.216403488686264609e+02
2.247509167311178317e+03
2.209745535958337541e+02
-7.430750048530780987e+02
-9.992762092117749262e+02
-6.973691971495622965e+02
-1.306180945112767859e+03
2.241732338923419775e+03
-6.123692088289906224e+02
-5.388115647174965943e+02
-9.204447009655307284e+02
2.248694271215940717e+03
-4.865151142923933207e+02
-6.185733978804286153e+02
2.259022461331559953e+03
2.297141232258783475e+03
2.001720822599811527e+03
1.899589410957646351e+03
-7.843172583602040504e+02
-7.573392056734205653e+02
-7.528114202534884498e+02
-2.297955006493071721e+02
-8.441842971909453581e+02
-6.162756514750761880e+02
1.872252090239110203e+03
2.320683868558540325e+03
-1.439902272793018199e+02
-5.962539831583414980e+02
-9.537607544242907807e+02
-7.717474048175089365e+02
2.228353487951200350e+03
-6.926884639400826700e+02
-9.678284088933885414e+02
-2.684037786572900472e+02
2.316003534069217494e+03
-6.422423487971802842e+02
4.739281148734721114e+02
-1.538759041330493119e+03
2.282618847874980020e+03
1.920500512799752642e+03
2.315273203492622088e+03
1.903354508906709725e+03
-5.449848269827438685e+01
-3.143287021178241503e+02
-5.201716424959822689e+02
-9.657063358380944464e+02
2.334016123618912388e+03
6.564680528310944965e+02
-8.348450857266769845e+02
2.132435643956889180e+03
2.270128305770213956e+03
-1.020856122104174460e+03
-1.184040211286173871e+03
-5.613967714553722743e+01
1.981056635983698925e+03
2.260495527108229908e+03
-1.014845940727203924e+03
-7.293021778352465390e+02
-7.441411096726378673e+02
2.321593273026217048e+03
1.432633108222771170e+03
-4.962266765984855397e+02
1.921030649840887236e+03
-2.773142089637647132e+02
9.539062322774320819e+02
-1.171763423415592797e+03
1.917879170830648945e+03
-3.835234406163486369e+02
1.179750393058633108e+03
-8.657601227518078986e+02
9.951934093815217466e+02
-1.144113092999400124e+03
2.299558383154935655e+03
2.290608484293288711e+03
-6.138717063048803766e+02
2.337238627008933065e+02
2.023615212929789550e+03
2.257074369936648509e+03
1.932033863928412984e+03
1.837051936145686795e+03
2.074197521038701780e+03
2.275962017281653061e+03
2.251344860161670113e+03
2.132564196109479781e+03
-2.060317098203510966e+02
2.176971460002970616e+03
2.114146618880459300e+03
-6.925307816194056159e+02
-8.283785783046383813e+02
-8.306463554998205154e+02
-1.696885072275905770e+02
-1.242033277630240718e+03
-1.834166734871394056e+02
2.286576475401119751e+03
2.204554812680200484e+03
1.913997257747301774e+03
-2.178375873886027989e+02
-7.820245532550262624e+02
2.018236564777342210e+03
2.280616181340360072e+03
-3.267322913457211371e+02
-2.130502842972181043e+03
-7.088369504021834473e+02
-1.040962559149452773e+03
-4.919562522460791598e+01
1.697501379497621201e+02
2.270898368841546016e+03
-1.088528203318614260e+03
-8.423166212100214807e+02
-5.523950530137009309e+02
-6.929381962069464862e+01
-6.150697589823972748e+02
-6.812077568579685476e+02
-1.470454245641862485e+02
2.296070373657921664e+03
7.813676395884552761e+00
2.107466880711554040e+03
-6.674941177068120624e+02
4.698784017600719949e+02
2.237005722206714836e+03
-5.088957669147327465e+02
2.298331308666202858e+03
-9.306766972824638060e+02
2.321552690042813538e+03
-8.424920477680506110e+02
-7.586398511869906542e+02
2.170741886447090110e+03
2.336442707870351114e+03
2.070641232821306858e+03
2.270972126213088814e+03
2.253666782436883750e+03
2.269232070781862603e+03
2.314283840584903373e+03
2.299599374445717785e+03
2.148485018983413738e+03
2.226920988534631761e+03
2.217889452312287631e+03
2.319880893958313663e+03
2.324667656121180244e+03
2.328834962651798833e+03
2.246603998201146624e+03
2.288022153068742227e+03
2.307543838246047926e+03
2.243063801525037888e+03
2.328106245033667165e+03
2.272097001181529777e+03
2.320231009290385828e+03
2.250865595684083928e+03
2.419479766297546576e+03
2.343650390797403816e+03
2.263351160290121243e+03
2.275861900086351852e+03
2.281254668057551953e+03
1.983512660686002164e+03
2.337122717850268145e+03
2.255916813382833425e+03
2.081437024557710174e+03
2.021064019148203897e+03
2.220248127691329501e+03
2.305191959688780116e+03
2.293139717638867751e+03
2.247925358180563308e+03
2.177009537097386328e+03
2.241116372738321843e+03
2.215440303948463225e+03
2.334381003291192883e+03
2.303495541048512223e+03
2.220216638824549591e+03
2.263779473813433469e+03
2.287784856208919791e+03
2.292386359744474248e+03
2.005762985686093089e+03
2.294330160972501290e+03
2.187963585446808338e+03
2.315968982525395404e+03
2.259667015216307391e+03
2.300388069062195882e+03
2.267478539145073228e+03
2.255654867993317566e+03
1.968685658085807972e+03
2.299735931734345741e+03
1.616934605449242099e+03
2.228971331528914561e+03
2.337652497788994879e+03
2.292741212335895398e+03
2.257818235579923112e+03
2.309959962657014330e+03
2.455967469910578529e+03
2.273687924321758146e+03
2.325674219562497910e+03
2.285173392713714293e+03
2.235510040278915767e+03
1.840251902147229885e+03
2.304604499975494036e+03
2.283874799184732638e+03
2.263439118978410534e+03
2.045083384948609819e+03
2.322966562967457776e+03
2.262489690801632605e+03
2.312243231286161063e+03
2.213337482690499201e+03
2.304350900768588872e+03
2.327225423732993022e+03
2.363842854512538906e+03
2.233591994918272576e+03
2.268246957090352680e+03
3.823921060634492051e+02
2.307499652219560176e+03
2.241299476389061056e+03
2.325998012312654737e+03
2.144951828404316984e+03
2.348216716488612292e+03
2.149381793580001613e+03
2.220108452954448694e+03
2.294960670685807600e+03
2.275624287832106347e+03
2.286526272876064013e+03
2.283894555101846890e+03
2.280983250464608773e+03
2.332051620957942760e+03
2.276433616695098408e+03
2.310925425656962034e+03
2.262599309810430896e+03
2.288569115635931212e+03
2.238027794965970770e+03
2.291581002329388866e+03
2.296209373465680983e+03
2.271126461914172523e+03
2.086009938329986653e+03
2.188293302109701472e+03
2.300807783186671713e+03
2.213964631070364703e+03
2.021152718157585468e+03
2.367651228502081267e+03
2.222924912883287107e+03
2.387154734535571151e+03
2.300776455130274371e+03
2.307993666814531025e+03
1.371510389558364068e+03
2.319778813900783462e+03
2.323550488684285483e+03
2.241495508656208585e+03
2.064656172546296148e+03
2.292752757547516012e+03
2.320248581765686140e+03
2.200752744676301063e+03
4.028138395327805483e+02
2.325389508675983961e+03
2.301978509106380443e+03
2.241155969115081007e+03
2.272863503573475100e+03
2.294282549315842971e+03
2.243797584876047040e+03
2.328677985071399689e+03
2.258123608621970561e+03
2.015656475744796126e+03
2.318815185004032173e+03
2.188898760133408359e+03
2.124761888522557001e+03
2.277523404266241414e+03
2.315779358588160903e+03
2.435799725803924957e+03
2.267396477648755990e+03
2.315990573368369951e+03
2.289160100499751024e+03
2.338098446401859292e+03
2.374711510902335704e+03
2.271727283330996215e+03
2.320588649604210332e+03
2.062703498353992927e+03
2.308539592029967480e+03
1.775685989867788066e+03
2.028758774196322065e+03
2.253536747382383055e+03
2.275380975747481898e+03
1.989499147811186958e+03
2.369952667716429460e+03
2.331066200119426867e+03
2.264133527283894182e+03
2.324161042428223936e+03
2.268523259167966899e+03
2.175949652480034729e+03
2.342368875140060027e+03
2.273393873321932915e+03
2.308310191193638275e+03
2.312301925163049418e+03
2.309251885721679173e+03
2.286967021745715101e+03
2.301536493246570899e+03
2.326310249575936723e+03
-3.392708628579440528e+02
2.343979708853134071e+03
2.312438141314379664e+03
2.261257158793433973e+03
2.289091990395620087e+03
2.315515981268470568e+03
2.203213713441348318e+03
2.336158556892055003e+03
2.191750620741702278e+03
2.103322971324242644e+03
2.295104040488084138e+03
2.324427323119007269e+03
2.179356059107724377e+03
2.291872635085452202e+03
2.303264600304896703e+03
1.934999889185864049e+03
2.203241636428216680e+03
2.204963496296843005e+03
2.049094789221706833e+03
2.294736446336144581e+03
2.245392768610285202e+03
2.316032610383182146e+03
2.219165663531816335e+03
2.277578660575104550e+03
2.274971864175580322e+03
2.404264580580052098e+03
1.995111523261560478e+03
2.322395849855593042e+03
2.260967212591873704e+03
2.087728027376198042e+03
2.275975709353115235e+03
2.269731027412607091e+03
2.156826090970676887e+03
2.346206381762404817e+03
2.146458748851380278e+03
2.296284112919199288e+03
2.208359385308699075e+03
2.271537487015094939e+03
2.103216971166846633e+03
2.246278738217376940e+03
2.021016828748256330e+03
2.114501793012035705e+03
2.149680571586767655e+03
2.130459710878039004e+03
2.238214752974918611e+03
2.263852669986168166e+03
2.246897372679781256e+03
2.317313238058862225e+03
2.309299248320889092e+03
2.005733448565711114e+03
2.249160526583782485e+03
1.989020895569106415e+03
2.296300126491419633e+03
9.759209893016555952e+02
2.307789423288279977e+03
2.332673232229888526e+03
2.320012418537540725e+03
2.309380061600440058e+03
2.327638676362675142e+03
2.290569348829890259e+03
2.298412954079662086e+03
2.188808377388826102e+03
2.291760192466983881e+03
2.261014139092442747e+03
2.316082470509396444e+03
2.244115602762714843e+03
2.298842699051899672e+03
2.284928016728962575e+03
2.277680247676084946e+03
2.294296638710270145e+03
2.171910680384216448e+03
2.225494719486899612e+03
2.219871789627905400e+03
2.295772897545271917e+03
2.092687257783404675e+03
2.317825926396717932e+03
2.315933171823961402e+03
2.205384274153834667e+03
2.287111572391009759e+03
2.170017700554808016e+03
2.072986747111881868e+03
2.203140071448832714e+03
2.229290700121167447e+03
2.318893432035662954e+03
2.222383516325356140e+03
2.210813659410538548e+03
2.294137778311403054e+03
2.272531596175477262e+03
2.365241736017917901e+03
2.114416349752265432e+03
2.276778312454729530e+03
2.295943546014055300e+03
2.306747050909161771e+03
2.260446079724777974e+03
2.336342696110586985e+03
2.291101981562960646e+03
2.332890434478292264e+03
2.242072330574787884e+03
2.255619770195379715e+03
2.301748289875929004e+03
2.277185297291536699e+03
2.313030383429570065e+03
2.208328359410254052e+03
2.094417310339043524e+03
2.049728540288523618e+03
2.195261951795216646e+03
2.180448212010482166e+03
2.274280850769554490e+03
2.130845635826766284e+03
2.404124275943440807e+03
2.325110225887139222e+03
2.411790649770046912e+03
2.225079905949578460e+03
2.238874528205856222e+03
2.003350911751643253e+03
2.331176067431635147e+03
2.304556900790329564e+03
2.285714451565047966e+03
2.210330700550225174e+03
2.169626031194488405e+03
2.287023216326145302e+03
2.308658640975892922e+03
2.281598334014715874e+03
2.259222257548705329e+03
2.307838949495263478e+03
2.321743919546516736e+03
2.306974947340799645e+03
2.085732436221801890e+03
2.269905814756190921e+03
2.288485168215392150e+03
2.242181456933466961e+03
2.306938842442628811e+03
2.194095482792969960e+03
2.274560801793044902e+03
2.186145154995385838e+03
2.260968980693684443e+03
2.443470370735892175e+03
2.095208072628423906e+03
2.249164621646703381e+03
2.238379467857738291e+03
1.972798642739204297e+03
2.269517271843980325e+03
2.192266726663998725e+03
2.345556325270984416e+03
2.302210448341723804e+03
2.351171502636720106e+03
2.297964376960116624e+03
2.263857815428777940e+03
2.242438214444709047e+03
2.338084908254255424e+03
2.401081560303847255e+03
2.059179654117136124e+03
2.289177795568228248e+03
2.166562230240600002e+03
2.136184798578115988e+03
2.338951926799459216e+03
2.310531727956886698e+03
2.210000674344208164e+03
2.294021856638966256e+03
2.050449603146863410e+03
2.204543297779642671e+03
2.150119835354278621e+03
2.287033230367969736e+03
2.227521617424157284e+03
2.308185383416959667e+03
2.308509737026601215e+03
2.327350683180787655e+03
2.260209926730171901e+03
2.196660496659767887e+03
2.283328335107966268e+03
1.962918464441043852e+03
2.224010382910635144e+03
2.269028403963219716e+03
2.315058817019849812e+03
2.180287619776979682e+03
2.144594213760849925e+03
2.288758964874503818e+03
2.207103027640671371e+03
2.201538897050334981e+03
2.334151353087258030e+03
2.074822358614158475e+03
2.083863516393716509e+03
2.282432822785524422e+03
2.223363702844857926e+03
2.255212221231364310e+03
2.288276139454213080e+03
2.197225525192999612e+03
2.298367650655810394e+03
2.257907538182749704e+03
2.335744510091570191e+03
2.327216852265254602e+03
2.326547552372260725e+03
2.197377756495603080e+03
2.264862246057853554e+03
2.278393671389775136e+03
2.299958815831833817e+03
2.243763412587507901e+03
2.302490332670080988e+03
2.274980444438683662e+03
2.196262039277674376e+03
2.318106117416103189e+03
2.333844183137001892e+03
2.334133856620485858e+03
2.264242904273337899e+03
2.213252874971900383e+03
2.255306370546343260e+03
2.040205298786430376e+03
2.317883836038266509e+03
2.288750204548694455e+03
2.279349644180924770e+03
2.327282790338405448e+03
2.200456024085647186e+03
2.306437879132959097e+03
2.298340180048262937e+03
2.084296000978153643e+03
2.334686149830818067e+03
2.225183118846752677e+03
2.308944611967738183e+03
2.344023715547140000e+03
2.308389993364289239e+03
2.295166870556500726e+03
2.211890353624531599e+03
2.200346074139853044e+03
6.954115097009656665e+02
2.266272586781829887e+03
2.263374820578791059e+03
2.291493979073552964e+03
2.314422453987803692e+03
2.259652579557845002e+03
2.030056537195986493e+03
2.300535408940056186e+03
2.292668193043205974e+03
2.284712404886961849e+03
2.286730146475043966e+03
2.291985414607679559e+03
2.196245618009049849e+03
2.101076091651450952e+03
2.105235615445834810e+03
2.190043902293726205e+03
2.301636469754226255e+03
2.299492891308882463e+03
2.046206765822911393e+03
2.285690831127877573e+03
2.317418039151537414e+03
2.296468598407547688e+03
2.282822315759584853e+03
2.289406402801552758e+03
2.185140179111407178e+03
2.197502768233664028e+03
2.282756116960120380e+03
2.394447189982397958e+03
2.337799989082317097e+03
2.167532825460003551e+03
2.255114532443234111e+03
2.292176825616357746e+03
2.285822138824733429e+03
2.283856776316396463e+03
2.307240437097918857e+03
2.308627799104594033e+03
2.060280905269860341e+03
2.278154172791344081e+03
2.331457973396584748e+03
2.289941917636871040e+03
2.248750797921277808e+03
2.286801625301306558e+03
2.314361966628297068e+03
2.168822967069336300e+03
2.238856609283082435e+03
2.210982961406331924e+03
2.285046509045618677e+03
2.280624835136155525e+03
2.314214791609055737e+03
2.238398020982616345e+03
2.249969882759694883e+03
2.280923688692125779e+03
2.217346240751278856e+03
2.294514901417026977e+03
2.285447375478694539e+03
2.266712580825769692e+03
2.336360052931028804e+03
2.137184511576143905e+03
2.300472386073516645e+03
2.294998024844946485e+03
2.334303572696370793e+03
2.165552002704406732e+03
2.269436172913940936e+03
2.264273124393357648e+03
2.250542856247496275e+03
2.302683399754459060e+03
1.918820592303202829e+03
2.186687843896319464e+03
2.225831908999113239e+03
2.303943540027717972e+03
2.125350758738393779e+03
2.314226934879326109e+03
2.174948758449384968e+03
2.326115042089154940e+03
2.352953554076676483e+03
2.256272633370158474e+03
2.165009372553293360e+03
2.316780213738462862e+03
2.300405003479353581e+03
2.260340413735259517e+03
2.108515661786749661e+03
2.292027245221205703e+03
2.365481387126843856e+03
2.340580266714368918e+03
2.311005246143525255e+03
2.291650971572355957e+03
2.163909988510059065e+03
2.300184778160062706e+03
2.164094765485834159e+03
2.087911494464256066e+03
2.206931436062695866e+03
2.331264648549100457e+03
2.262829392252647722e+03
2.298696239278388475e+03
2.276672287388340919e+03
2.293341058669383528e+03
2.255258961293295215e+03
2.349829884962220603e+03
2.137713670036712301e+03
2.286674645622743810e+03
2.311911071191725114e+03
2.235776785171793108e+03
2.252520370499849832e+03
2.252775534190179314e+03
2.287809267403515150e+03
2.277250057412257320e+03
2.183660093463330213e+03
2.296475429932114821e+03
2.441128921100182197e+03
1.717037661551081328e+03
2.296854125016107446e+03
2.327462689531218075e+03
2.053648429530960584e+03
2.328370710503659666e+03
2.314972604684064663e+03
2.302487697770009163e+03
2.293940813487020932e+03
2.244645662435189479e+03
2.146402031690020522e+03
2.306730499295596019e+03
2.324527044714840486e+03
2.257564638983421446e+03
2.274292723328645934e+03
2.263209978528573174e+03
2.267014186729496942e+03
2.314362239984611733e+03
2.245520042604684932e+03
2.322318065175593802e+03
2.281445528981710595e+03
2.297207611052921493e+03
2.319617035597389531e+03
2.325998543670434628e+03
2.201023191762044917e+03
2.306512826733949169e+03
2.313063355389286698e+03
2.312755947560806817e+03
2.249308579280110735e+03
2.303677698162979596e+03
2.313480755861645775e+03
2.303144949094711137e+03
2.221788952890901783e+03
2.309810941507848383e+03
2.254362177860694828e+03
2.275271938514688372e+03
2.249286880222022774e+03
2.343864404979134633e+03
2.286896557395109994e+03
1.960108130169845936e+03
1.712693923839066429e+03
2.344141976366861854e+03
2.260926319288244486e+03
2.265868662186425809e+03
2.201683181338941267e+03
2.161700249689423799e+03
2.027962610230110386e+03
1.679122544748362998e+03
2.319411351406467929e+03
2.298256413999058168e+03
1.980700040732600655e+03
2.325976957892744394e+03
2.361118345078194579e+03
2.165638135449010406e+03
2.167427372758776073e+03
2.322432830619280139e+03
2.303530163663328494e+03
2.306002385633555605e+03
2.293551358795132728e+03
2.240938525158165248e+03
2.291943566110938264e+03
2.521211295923610578e+03
2.383938633348002440e+03
2.253402153561237355e+03
2.287880217604163590e+03
2.270130262989291623e+03
2.278244320379858436e+03
2.258881051269775071e+03
2.313970287684007417e+03
2.250922632137312121e+03
2.263363972902313890e+03
2.161342305536780259e+03
2.241113074814461470e+03
2.203940250441108674e+03
2.300622946363731444e+03
1.943256200354422162e+03
2.299714101183641105e+03
2.309595056329594627e+03
2.330060379751372238e+03
2.276097227594373180e+03
2.303898987381967345e+03
2.164626385217113238e+03
2.287060218707614695e+03
2.329686352526844075e+03
2.308172245859236682e+03
2.276832423754856336e+03
2.319345973042270998e+03
2.183608617126811168e+03
2.317496324311083754e+03
2.320430687042590307e+03
2.282624291079116574e+03
2.307131485519486887e+03
2.193074989009627188e+03
2.272248589797742625e+03
2.308279887604039686e+03
2.216781368087756164e+03
2.231184925984918664e+03
2.307377407883545857e+03
2.286251638965122311e+03
2.301751996953198613e+03
2.309933508661603355e+03
2.305705933614188325e+03
2.263564604328469613e+03
2.144200349856641424e+03
2.210333867202867623e+03
2.296896948177462491e+03
2.064777007706997210e+03
2.311198762781225923e+03
2.235075185895311733e+03
2.292516864344667738e+03
2.304286845445989456e+03
2.314415393360480266e+03
2.314812044178050201e+03
2.329510049395521492e+03
2.242228739850082093e+03
2.034821855153802971e+03
2.321014877061956668e+03
2.303151484616720154e+03
2.260274498887390109e+03
2.279278166825502922e+03
2.290640078715980053e+03
2.314209651126745484e+03
2.312300988960590530e+03
2.304205235285778599e+03
1.951638353169610127e+03
2.132209549292370866e+03
2.287692966604314279e+03
2.318527285941793707e+03
2.292940532045518012e+03
2.345908529567708229e+03
2.267172544007032229e+03
2.250893426841510518e+03
2.205515519212894560e+03
2.284466920412068703e+03
2.205001698750970718e+03
2.390892288035238835e+03
2.263124305015295249e+03
2.315415631387261328e+03
2.206240226725139564e+03
1.673693568513441051e+03
2.305188691489158373e+03
2.198544638265006142e+03
2.302300938091534135e+03
2.276843152426557481e+03
