0.000000000000000000e+00
-5.012179984589999435e+02
-1.257434720309028080e+03
-1.643043625357026258e+03
-1.782985208336941923e+03
-1.532273611795137867e+03
-1.258456144184096956e+03
-1.640625157016685989e+03
-1.070249596567784010e+03
2.211518895776258432e+03
-8.385443806711421075e+02
-9.648480430429038961e+02
-1.055930350327528004e+03
-8.914139083681344573e+02
-8.173337021794710608e+02
2.204931113310206001e+03
2.221819947600188243e+03
-8.041777458709424309e+02
-9.070207742372783741e+02
2.218849599016917637e+03
8.845209046549559844e+02
-3.371528417604250194e+02
2.034714281450135559e+03
2.257550997789462599e+03
2.227334812990573027e+03
2.224185327764616886e+03
2.261175656752886880e+03
2.173772279897285443e+03
2.180349572486780744e+03
2.194553994175169919e+03
2.170930559429009918e+03
9.430344157571156529e+02
2.223233434835455682e+03
1.901459653244518904e+03
2.047317654483067599e+03
2.270645716636415727e+03
2.230641639943954033e+03
2.285283489720305624e+03
2.254540830387785718e+03
-4.966766284672672782e+02
2.288812009677165406e+03
-6.820238052871620766e+02
-4.436066087320275528e+02
2.302001009879406411e+03
-1.837824433531264390e+02
2.221534657530551158e+03
2.276772081700436502e+03
-6.745876043407915290e+01
2.199069322251033554e+03
2.209937612540013106e+03
2.288256859997904940e+03
2.261693112502267468e+03
-2.681159081358192680e+02
1.846100696895129659e+03
-5.282938869939368942e+02
-2.046816179503882722e+02
2.214532912062516971e+03
2.259822584536955674e+03
2.227064716259912529e+03
2.269769873363779425e+03
2.250727074178229032e+03
2.255861936027294178e+03
2.278762466378552290e+03
2.269424232571675930e+03
2.291266644944191739e+03
1.968053345747914591e+03
2.230310779316673688e+03
2.223668883913780519e+03
2.264319033611311170e+03
2.276660649236041536e+03
2.261042868650468790e+03
2.228488354107271334e+03
2.250455661744530062e+03
2.220309835048981768e+03
2.205390620930585101e+03
2.238496939622407808e+03
2.200391520438506632e+03
2.255269082518144387e+03
2.249718058145895156e+03
2.254568125221126138e+03
2.180444336830003067e+03
2.165279525213707529e+03
2.243105731869707142e+03
2.265900576503699085e+03
2.253693898058890682e+03
2.224030797389737018e+03
2.275148256425748968e+03
2.209797298448445872e+03
2.263355943191336792e+03
2.271874869115485126e+03
2.270876788256362033e+03
2.261047313234536887e+03
2.210927123225448213e+03
2.253333602068978053e+03
2.234492712392278918e+03
2.263307404428002883e+03
2.255723934509582250e+03
2.242777889445136225e+03
2.267940826759958327e+03
2.226579664942987620e+03
2.217882812341645149e+03
2.210450441794680955e+03
2.216655496197649427e+03
2.224027482195000630e+03
2.259218492428541140e+03
2.240842019535276449e+03
2.245859477273068023e+03
2.272238889680907505e+03
2.261666070043338095e+03
2.249414731552805279e+03
2.217537105330805389e+03
2.231037301298683815e+03
2.247090078415259541e+03
2.252362072321162032e+03
2.262359555750068466e+03
2.237759055163837729e+03
2.268398094990218397e+03
2.235512126639452163e+03
2.249000454835493656e+03
2.211471665021400440e+03
2.274404375670423178e+03
2.242608584733377938e+03
2.248398169830878942e+03
2.242752595281199774e+03
2.227510534764946897e+03
2.208773300540523906e+03
2.236527366116795747e+03
2.194683697298421521e+03
2.244307565953396534e+03
2.257950871723993259e+03
2.238872339390926754e+03
2.229710259262221371e+03
2.188109404267966511e+03
2.261558103823990677e+03
2.263728726252510114e+03
2.257140325684664731e+03
2.252228282240984299e+03
2.266619275795048452e+03
2.253109159869793075e+03
2.248158375576762410e+03
2.237068374377057353e+03
2.288416299336990960e+03
2.274206277196582960e+03
2.247924261414093053e+03
2.261031349862168099e+03
2.267985295340181437e+03
2.284257059398903039e+03
2.253791604637541241e+03
2.280602107505834738e+03
2.265318671406208068e+03
2.270209597219598891e+03
2.275215361869601111e+03
2.266925467011487854e+03
2.273026928267297990e+03
2.245965938506491966e+03
2.271383581112257616e+03
2.253256204364875430e+03
2.267634865865167285e+03
2.277997776214844635e+03
2.274091525339165401e+03
2.268439572556248550e+03
2.221532197626374000e+03
2.257954093612244833e+03
2.263998260764036786e+03
2.260358457179739162e+03
2.201055033289253970e+03
2.211506175573764722e+03
2.081302694457169309e+03
2.034707973700261164e+03
8.359224632020288936e+02
1.992897293616026218e+03
4.529444394767619428e+02
2.152985203477198411e+03
2.173149524701053906e+03
2.237739846504076013e+03
2.236968771994938379e+03
2.230827879264480089e+03
2.267597785690015826e+03
2.258307029034242987e+03
2.266067237177368497e+03
2.264094271178762028e+03
2.254609896226429555e+03
2.270696208644190392e+03
2.253637024982712319e+03
2.281056717139204011e+03
2.255502228615149761e+03
2.259681242419484079e+03
2.239750119742127026e+03
2.212306970959807586e+03
2.242078312657999959e+03
2.193826610668978901e+03
2.213509679169668289e+03
2.179049964601652846e+03
2.172779168565451982e+03
2.141560681037378345e+03
2.171850343878413241e+03
2.182854044755355972e+03
2.173296073927016096e+03
2.193351753512947653e+03
2.187144744334847019e+03
2.166077799482687624e+03
2.163207649574745119e+03
2.177174323677563279e+03
2.157857106020943775e+03
2.140517677449580333e+03
2.147894125512958453e+03
2.151246030080974379e+03
2.146568314592388560e+03
2.135973618775505201e+03
2.149266641916843128e+03
2.135774977106036204e+03
2.156070454298576351e+03
2.167762363700490369e+03
2.182708606580454216e+03
2.124708097924399681e+03
2.209843440693704451e+03
2.191544793688500704e+03
2.223192054679373086e+03
2.202655973661806456e+03
2.197925511584229753e+03
2.210897323000840970e+03
2.187712140510997415e+03
2.172103838827816617e+03
2.161299424587041358e+03
2.163201411747263592e+03
2.154646521760843825e+03
2.108505215632952059e+03
2.112129309435402774e+03
2.107133766341758019e+03
2.126321681320455355e+03
2.144269908500223664e+03
2.269432446396951491e+03
2.152898466484207347e+03
2.138313315481961581e+03
2.182554847115564826e+03
2.158962574381122977e+03
2.162976253838186040e+03
2.172717233235439835e+03
2.176393020025579972e+03
2.174673195667727668e+03
2.232150082672245844e+03
-1.924995599262883275e+02
2.099497834740959206e+03
2.111921708982721611e+03
2.104900226464187199e+03
2.172403499345772616e+03
2.214040316372266261e+03
2.203261996293459561e+03
2.292550435959342849e+03
2.231254226932955589e+03
2.132823513307695066e+03
2.020831411980403118e+03
-1.993169596286205376e+02
1.419968968539323555e+02
-4.444881764750443836e+02
2.236791318476614833e+03
2.069013851208063898e+03
3.468090651815539331e+02
-2.201728725630769077e+02
2.161696729205439624e+03
2.168791639022214440e+03
1.552049973040573860e+01
2.734343425162329595e+02
-7.399057319655637457e+02
-1.059146025828581969e+03
-9.576206533145549429e+02
-1.128591255311295527e+03
-2.099456833424102570e+03
-1.179090379147274689e+03
-1.270288541259314798e+03
-1.158493766086477990e+03
2.036897671169995192e+03
1.203468121855282106e+03
1.928246305090565329e+03
-4.547111651480104229e+02
