0.000000000000000000e+00
-1.861700266279311506e+02
-1.090617978358154915e+03
-1.042942243056589177e+03
-1.039440861487619486e+03
-4.457079650554228323e+01
-1.021021231434326182e+03
-1.035750213410758533e+03
-1.014125265657875616e+03
-1.031678484413877186e+03
-1.006792702704604721e+03
-1.035187673692111275e+03
-1.028346539765417901e+03
-1.013094592529418264e+03
-1.016829492475374195e+03
-1.027796957904676674e+03
-1.008913824326121130e+03
-1.025881701391385604e+03
-1.024930643464348123e+03
-1.062122282694055230e+03
-2.270145308656991006e+02
-1.962515266031684291e+02
-6.257460517283650603e+01
-1.247120227725362440e+02
-1.029544451018557083e+03
-1.041940724220001044e+02
-1.030554282838317476e+03
-1.021073455451831819e+03
-1.023774982306898437e+03
-1.018495724110424817e+03
-1.032119935462826561e+03
-1.046156221122148509e+03
-1.079726237611725537e+03
-1.800226634935237087e+02
-5.327846610868817123e+01
-1.760159126673433505e+01
-1.618230981342630912e+02
-4.602977562775053144e+01
-6.519111323445791584e+01
-1.624494277750881679e+02
-1.850524137424848448e+01
-1.003414201537267303e+02
-2.902532895983072692e+01
-6.225605448923261065e+01
-1.450248362684588130e+02
-1.837877458129816830e+02
-1.695485061310287733e+02
-5.957069778185699960e+01
-3.835989485460785886e+01
-7.711273093352849628e+01
-6.130763265416549501e+01
-3.801399586378934004e+01
-1.754989538320164755e+01
-5.728243559389660078e+01
-1.694703265878002014e+02
-8.041064124257552237e+01
-8.905357699890622314e+01
-3.591181003686866546e+01
-8.493353805581935489e+01
-1.104125028067726930e+02
-2.349396915022007803e+01
-3.914475550418875827e+01
-6.425104005246357985e+01
-8.397245255833455246e+01
-1.005556110082111729e+02
-5.738816836743297500e+01
-2.663762333846777253e+01
-1.546985131778905327e+02
-6.740460467762410701e+01
-8.829895417606026342e+01
-1.957677166472043950e+01
